# b'S_150_45_M'
# q I errors
5.619091019940264685e-05 0.000000000000000000e+00 0.000000000000000000e+00
1.685631453091173510e-04 0.000000000000000000e+00 0.000000000000000000e+00
2.809353804188320755e-04 0.000000000000000000e+00 0.000000000000000000e+00
3.933076155285467729e-04 0.000000000000000000e+00 0.000000000000000000e+00
5.056798506382615245e-04 0.000000000000000000e+00 0.000000000000000000e+00
6.180520857479762219e-04 0.000000000000000000e+00 0.000000000000000000e+00
7.304243208576910278e-04 0.000000000000000000e+00 0.000000000000000000e+00
8.427965559674056167e-04 0.000000000000000000e+00 0.000000000000000000e+00
9.551687910771204226e-04 0.000000000000000000e+00 0.000000000000000000e+00
1.067541026186835228e-03 0.000000000000000000e+00 0.000000000000000000e+00
1.179913261296549817e-03 2.115652084350585938e+00 4.488703012466430664e-01
1.292285496406264406e-03 2.696699142456054688e+00 8.868534117937088013e-02
1.404657731515979212e-03 2.654324531555175781e+00 4.028626531362533569e-02
1.517029966625694018e-03 2.660611152648925781e+00 2.593491971492767334e-02
1.629402201735408607e-03 2.574553012847900391e+00 2.050975896418094635e-02
1.741774436845123196e-03 2.433178901672363281e+00 1.777363941073417664e-02
1.854146671954838219e-03 2.354279279708862305e+00 1.591059006750583649e-02
1.966518907064552808e-03 2.301796674728393555e+00 1.388760562986135483e-02
2.078891142174267397e-03 2.309028387069702148e+00 1.264615636318922043e-02
2.191263377283981986e-03 2.311564445495605469e+00 1.135449577122926712e-02
2.303635612393696575e-03 2.332072257995605469e+00 1.057112775743007660e-02
2.416007847503411597e-03 2.301358461380004883e+00 9.754437953233718872e-03
2.528380082613125752e-03 2.251018047332763672e+00 9.001070633530616760e-03
2.640752317722840775e-03 2.213353872299194336e+00 8.547639474272727966e-03
2.753124552832555798e-03 2.211556911468505859e+00 7.981324568390846252e-03
2.865496787942269953e-03 2.201009273529052734e+00 7.558383978903293610e-03
2.977869023051984976e-03 2.198893547058105469e+00 7.153371814638376236e-03
3.090241258161699998e-03 2.190822839736938477e+00 6.711594294756650925e-03
3.202613493271414154e-03 2.182774066925048828e+00 6.377481855452060699e-03
3.314985728381129176e-03 2.191516399383544922e+00 6.126942113041877747e-03
3.427357963490843765e-03 2.185506343841552734e+00 5.838203709572553635e-03
3.539730198600558354e-03 2.186055898666381836e+00 5.625688005238771439e-03
3.652102433710273377e-03 2.181783676147460938e+00 5.452359560877084732e-03
3.764474668819987966e-03 2.167724132537841797e+00 5.372491199523210526e-03
3.876846903929702555e-03 2.141298532485961914e+00 5.290992558002471924e-03
3.989219139039417578e-03 2.133493900299072266e+00 5.207250360399484634e-03
4.101591374149131733e-03 2.136960506439208984e+00 5.100064910948276520e-03
4.213963609258846756e-03 2.123435020446777344e+00 4.991958849132061005e-03
4.326335844368561778e-03 2.109765052795410156e+00 4.925043322145938873e-03
4.438708079478275934e-03 2.106041431427001953e+00 4.817798268049955368e-03
4.551080314587990956e-03 2.097622156143188477e+00 4.730700049549341202e-03
4.663452549697705979e-03 2.094228506088256836e+00 4.643532447516918182e-03
4.775824784807420134e-03 2.075694084167480469e+00 4.556895233690738678e-03
4.888197019917135157e-03 2.078201532363891602e+00 4.477283451706171036e-03
5.000569255026850179e-03 2.075618505477905273e+00 4.425403196364641190e-03
5.112941490136564335e-03 2.065485954284667969e+00 4.332370124757289886e-03
5.225313725246278490e-03 2.064582824707031250e+00 4.276481922715902328e-03
5.337685960355994380e-03 2.075248479843139648e+00 4.251246340572834015e-03
5.450058195465708535e-03 2.066784381866455078e+00 4.321807995438575745e-03
5.562430430575422691e-03 2.045978784561157227e+00 4.354660399258136749e-03
5.674802665685138581e-03 2.038683176040649414e+00 4.375767428427934647e-03
5.787174900794852736e-03 2.034506082534790039e+00 4.381939768791198730e-03
5.899547135904566891e-03 2.022154808044433594e+00 4.378844052553176880e-03
6.011919371014282781e-03 2.014710903167724609e+00 4.381760954856872559e-03
6.124291606123996937e-03 2.005608081817626953e+00 4.370880313217639923e-03
6.236663841233711092e-03 1.998403906822204590e+00 4.362693522125482559e-03
6.349036076343426982e-03 1.993211746215820312e+00 4.357983823865652084e-03
6.461408311453141137e-03 1.987385749816894531e+00 4.346255678683519363e-03
6.573780546562855293e-03 1.963983535766601562e+00 4.305887501686811447e-03
6.686152781672570315e-03 1.961851239204406738e+00 4.300054628401994705e-03
6.798525016782285338e-03 1.945185303688049316e+00 4.261445254087448120e-03
6.910897251891999493e-03 1.946619153022766113e+00 4.237269517034292221e-03
7.023269487001714516e-03 1.940152168273925781e+00 4.215046297758817673e-03
7.135641722111429538e-03 1.924619197845458984e+00 4.182733129709959030e-03
7.248013957221143694e-03 1.945395827293395996e+00 4.069640301167964935e-03
7.360386192330858716e-03 1.951089143753051758e+00 3.910383209586143494e-03
7.472758427440573739e-03 1.923979043960571289e+00 3.794011659920215607e-03
7.585130662550287894e-03 1.904905557632446289e+00 3.692749887704849243e-03
7.697502897660002917e-03 1.891028881072998047e+00 3.623173572123050690e-03
7.809875132769717072e-03 1.889389038085937500e+00 3.560240147635340691e-03
7.922247367879432095e-03 1.879591822624206543e+00 3.499181475490331650e-03
8.034619602989147985e-03 1.866324305534362793e+00 3.439445048570632935e-03
8.146991838098860406e-03 1.857528328895568848e+00 3.402072703465819359e-03
8.259364073208576296e-03 1.843149781227111816e+00 3.354926360771059990e-03
8.371736308318292186e-03 1.838391780853271484e+00 3.332644235342741013e-03
8.484108543428004606e-03 1.826153755187988281e+00 3.298740601167082787e-03
8.596480778537720496e-03 1.822090387344360352e+00 3.265794366598129272e-03
8.708853013647436386e-03 1.814317584037780762e+00 3.242382779717445374e-03
8.821225248757148807e-03 1.802976846694946289e+00 3.209998365491628647e-03
8.933597483866864697e-03 1.792774200439453125e+00 3.170675365254282951e-03
9.045969718976580587e-03 1.789064168930053711e+00 3.148281946778297424e-03
9.158341954086293007e-03 1.776626706123352051e+00 3.120432142168283463e-03
9.270714189196008898e-03 1.768426895141601562e+00 3.090324113145470619e-03
9.383086424305724788e-03 1.755898475646972656e+00 3.067686920985579491e-03
9.495458659415437208e-03 1.743830442428588867e+00 3.040448995307087898e-03
9.607830894525153098e-03 1.738410711288452148e+00 3.010151907801628113e-03
9.720203129634868988e-03 1.730578303337097168e+00 2.993042115122079849e-03
9.832575364744581409e-03 1.725867629051208496e+00 2.973193302750587463e-03
9.944947599854297299e-03 1.712857842445373535e+00 2.935643075034022331e-03
1.005731983496401319e-02 1.701823949813842773e+00 2.919845748692750931e-03
1.016969207007372561e-02 1.694877982139587402e+00 2.894025761634111404e-03
1.028206430518344150e-02 1.689339518547058105e+00 2.870982745662331581e-03
1.039443654029315565e-02 1.681708812713623047e+00 2.863103058189153671e-03
1.050680877540286981e-02 1.672674655914306641e+00 2.834201324731111526e-03
1.061918101051258570e-02 1.663108587265014648e+00 2.809737809002399445e-03
1.073155324562229986e-02 1.651341676712036133e+00 2.791706938296556473e-03
1.084392548073201401e-02 1.643708109855651855e+00 2.773555694147944450e-03
1.095629771584172990e-02 1.634588241577148438e+00 2.744458848610520363e-03
1.106866995095144406e-02 1.628799915313720703e+00 2.737440634518861771e-03
1.118104218606115821e-02 1.614263296127319336e+00 2.709203166887164116e-03
1.129341442117087410e-02 1.609330773353576660e+00 2.684298669919371605e-03
1.140578665628058826e-02 1.601696729660034180e+00 2.674272051081061363e-03
1.151815889139030241e-02 1.583596348762512207e+00 2.647172426804900169e-03
1.163053112650001830e-02 1.578089118003845215e+00 2.624275861307978630e-03
1.174290336160973246e-02 1.567400693893432617e+00 2.612063661217689514e-03
1.185527559671944661e-02 1.558439850807189941e+00 2.592082833871245384e-03
1.196764783182916250e-02 1.552518367767333984e+00 2.570488955825567245e-03
1.208002006693887666e-02 1.543272495269775391e+00 2.557520987465977669e-03
1.219239230204859081e-02 1.538980484008789062e+00 2.543322741985321045e-03
1.230476453715830670e-02 1.526736378669738770e+00 2.516163978725671768e-03
1.241713677226802086e-02 1.514994621276855469e+00 2.503121737390756607e-03
1.252950900737773501e-02 1.505789756774902344e+00 2.489496022462844849e-03
1.264188124248745090e-02 1.506512641906738281e+00 2.466713776811957359e-03
1.275425347759716506e-02 1.492238521575927734e+00 2.449235180392861366e-03
1.286662571270687921e-02 1.488324880599975586e+00 2.438461408019065857e-03
1.297899794781659510e-02 1.476006269454956055e+00 2.408582251518964767e-03
1.309137018292630752e-02 1.463137507438659668e+00 2.395338146016001701e-03
1.320374241803602341e-02 1.462760448455810547e+00 2.389483852311968803e-03
1.331611465314573930e-02 1.448076248168945312e+00 2.359296428039669991e-03
1.342848688825545173e-02 1.443024992942810059e+00 2.347543602809309959e-03
1.354085912336516762e-02 1.434421896934509277e+00 2.339251805096864700e-03
1.365323135847488351e-02 1.426211833953857422e+00 2.317495411261916161e-03
1.376560359358459593e-02 1.418918848037719727e+00 2.305877627804875374e-03
1.387797582869431182e-02 1.406526803970336914e+00 2.292223740369081497e-03
1.399034806380402771e-02 1.402855038642883301e+00 2.269850810989737511e-03
1.410272029891374013e-02 1.391916036605834961e+00 2.254617167636752129e-03
1.421509253402345602e-02 1.384773135185241699e+00 2.246580319479107857e-03
1.432746476913317191e-02 1.378983259201049805e+00 2.227716846391558647e-03
1.443983700424288433e-02 1.367397785186767578e+00 2.213949570432305336e-03
1.455220923935260022e-02 1.361842393875122070e+00 2.204288728535175323e-03
1.466458147446231611e-02 1.356234788894653320e+00 2.186703262850642204e-03
1.477695370957202853e-02 1.346058487892150879e+00 2.171475440263748169e-03
1.488932594468174442e-02 1.333585143089294434e+00 2.160029485821723938e-03
1.500169817979146031e-02 1.327239871025085449e+00 2.143962774425745010e-03
1.511407041490117273e-02 1.323011755943298340e+00 2.128210151568055153e-03
1.522644265001088862e-02 1.312246441841125488e+00 2.120236866176128387e-03
1.533881488512060451e-02 1.304794669151306152e+00 2.101221587508916855e-03
1.545118712023031693e-02 1.297395110130310059e+00 2.089404733851552010e-03
1.556355935534003282e-02 1.285205245018005371e+00 2.076536417007446289e-03
1.567593159044974871e-02 1.282073140144348145e+00 2.062800806015729904e-03
1.578830382555946113e-02 1.272562742233276367e+00 2.048302907496690750e-03
1.590067606066917702e-02 1.264225006103515625e+00 2.041167579591274261e-03
1.601304829577888944e-02 1.257903695106506348e+00 2.026993781328201294e-03
1.612542053088860533e-02 1.249455213546752930e+00 2.009592019021511078e-03
1.623779276599832122e-02 1.243079781532287598e+00 2.001981483772397041e-03
1.635016500110803711e-02 1.239145517349243164e+00 1.993090612813830376e-03
1.646253723621774953e-02 1.226305365562438965e+00 1.974201528355479240e-03
1.657490947132746542e-02 1.222569942474365234e+00 1.967184012755751610e-03
1.668728170643717784e-02 1.216102600097656250e+00 1.954420469701290131e-03
1.679965394154689373e-02 1.206209778785705566e+00 1.937183667905628681e-03
1.691202617665660962e-02 1.197122216224670410e+00 1.928612822666764259e-03
1.702439841176632551e-02 1.188656449317932129e+00 1.915691653266549110e-03
1.713677064687603793e-02 1.181727886199951172e+00 1.903755823150277138e-03
1.724914288198575382e-02 1.174736380577087402e+00 1.888632308691740036e-03
1.736151511709546624e-02 1.169962644577026367e+00 1.882954384200274944e-03
1.747388735220518213e-02 1.160997390747070312e+00 1.869436237029731274e-03
1.758625958731489802e-02 1.151786327362060547e+00 1.857219031080603600e-03
1.769863182242461391e-02 1.147200703620910645e+00 1.850396627560257912e-03
1.781100405753432633e-02 1.134501576423645020e+00 1.832052599638700485e-03
1.792337629264404222e-02 1.132927775382995605e+00 1.825226121582090855e-03
1.803574852775375464e-02 1.126564502716064453e+00 1.817264710552990437e-03
1.814812076286347053e-02 1.119079351425170898e+00 1.803228515200316906e-03
1.826049299797318642e-02 1.114621639251708984e+00 1.795490388758480549e-03
1.837286523308290231e-02 1.101045608520507812e+00 1.781248953193426132e-03
1.848523746819261473e-02 1.098757624626159668e+00 1.772427931427955627e-03
1.859760970330233062e-02 1.096408724784851074e+00 1.766964676789939404e-03
1.870998193841204305e-02 1.084545254707336426e+00 1.753285760059952736e-03
1.882235417352175894e-02 1.077327489852905273e+00 1.741279265843331814e-03
1.893472640863147483e-02 1.070542693138122559e+00 1.733075943775475025e-03
1.904709864374119072e-02 1.064679384231567383e+00 1.725410344079136848e-03
1.915947087885090314e-02 1.062801957130432129e+00 1.714812824502587318e-03
1.927184311396061903e-02 1.059000134468078613e+00 1.711173681542277336e-03
1.938421534907033145e-02 1.054704666137695312e+00 1.740320120006799698e-03
1.949658758418004734e-02 1.045528411865234375e+00 1.757092191837728024e-03
1.960895981928976323e-02 1.036622405052185059e+00 1.769754686392843723e-03
1.972133205439947912e-02 1.028192877769470215e+00 1.771261217072606087e-03
1.983370428950919154e-02 1.024436354637145996e+00 1.769186113961040974e-03
1.994607652461890743e-02 1.018706798553466797e+00 1.769464462995529175e-03
2.005844875972861985e-02 1.010207533836364746e+00 1.763529493473470211e-03
2.017082099483833574e-02 1.004253029823303223e+00 1.756126293912529945e-03
2.028319322994805163e-02 9.981577992439270020e-01 1.756465528160333633e-03
2.039556546505776405e-02 9.921916723251342773e-01 1.750012743286788464e-03
2.050793770016747994e-02 9.861344695091247559e-01 1.743530388921499252e-03
2.062030993527719236e-02 9.817621707916259766e-01 1.742033869959414005e-03
2.073268217038690825e-02 9.715452194213867188e-01 1.729990472085773945e-03
2.084505440549662414e-02 9.711235165596008301e-01 1.726920134387910366e-03
2.095742664060634003e-02 9.676330685615539551e-01 1.726581482216715813e-03
2.106979887571605245e-02 9.578070044517517090e-01 1.716061378829181194e-03
2.118217111082576834e-02 9.559077024459838867e-01 1.685905735939741135e-03
2.129454334593548076e-02 9.528881907463073730e-01 1.645910670049488544e-03
2.140691558104519665e-02 9.474572539329528809e-01 1.620881841517984867e-03
2.151928781615491254e-02 9.371759295463562012e-01 1.593109918758273125e-03
2.163166005126462843e-02 9.308019280433654785e-01 1.582731259986758232e-03
2.174403228637434085e-02 9.230411648750305176e-01 1.570306485518813133e-03
2.185640452148405674e-02 9.172269105911254883e-01 1.552523230202496052e-03
2.196877675659376916e-02 9.099837541580200195e-01 1.544869970530271530e-03
2.208114899170348505e-02 9.081798791885375977e-01 1.539794495329260826e-03
2.219352122681320094e-02 9.006643891334533691e-01 1.522795297205448151e-03
2.230589346192291683e-02 8.961418867111206055e-01 1.516957301646471024e-03
2.241826569703262925e-02 8.916296958923339844e-01 1.510570640675723553e-03
2.253063793214234514e-02 8.883765935897827148e-01 1.499086618423461914e-03
2.264301016725205756e-02 8.796916007995605469e-01 1.489122747443616390e-03
2.275538240236177345e-02 8.771062493324279785e-01 1.485358108766376972e-03
2.286775463747148934e-02 8.672549128532409668e-01 1.467845402657985687e-03
2.298012687258120523e-02 8.682985305786132812e-01 1.466615940444171429e-03
2.309249910769091765e-02 8.599357008934020996e-01 1.457550330087542534e-03
2.320487134280063354e-02 8.553677201271057129e-01 1.444737310521304607e-03
2.331724357791034596e-02 8.469642996788024902e-01 1.434694509953260422e-03
2.342961581302006185e-02 8.445855379104614258e-01 1.431834767572581768e-03
2.354198804812977774e-02 8.397644758224487305e-01 1.420287531800568104e-03
2.365436028323949363e-02 8.358059525489807129e-01 1.413989928551018238e-03
2.376673251834920605e-02 8.300944566726684570e-01 1.408550422638654709e-03
2.387910475345892194e-02 8.237424492835998535e-01 1.397593296132981777e-03
2.399147698856863437e-02 8.194333314895629883e-01 1.389750745147466660e-03
2.410384922367835026e-02 8.103038668632507324e-01 1.382077345624566078e-03
2.421622145878806615e-02 8.085961341857910156e-01 1.374067971482872963e-03
2.432859369389778204e-02 8.040099143981933594e-01 1.364774303510785103e-03
2.444096592900749446e-02 7.983375787734985352e-01 1.360572641715407372e-03
2.455333816411721035e-02 7.965700030326843262e-01 1.353810890577733517e-03
2.466571039922692277e-02 7.878323793411254883e-01 1.342315343208611012e-03
2.477808263433663866e-02 7.879089713096618652e-01 1.341028837487101555e-03
2.489045486944635455e-02 7.805167436599731445e-01 1.329681952483952045e-03
2.500282710455607044e-02 7.755483388900756836e-01 1.321710296906530857e-03
2.511519933966578286e-02 7.701247930526733398e-01 1.316993031650781631e-03
2.522757157477549875e-02 7.692589759826660156e-01 1.313648303039371967e-03
2.533994380988521117e-02 7.646563649177551270e-01 1.304725185036659241e-03
2.545231604499492706e-02 7.592632770538330078e-01 1.299537369050085545e-03
2.556468828010464295e-02 7.546288967132568359e-01 1.290770247578620911e-03
2.567706051521435884e-02 7.507479786872863770e-01 1.284232013858854771e-03
2.578943275032407126e-02 7.460179924964904785e-01 1.278589246794581413e-03
2.590180498543378368e-02 7.430688738822937012e-01 1.273160334676504135e-03
2.601417722054349957e-02 7.369659543037414551e-01 1.263311831280589104e-03
2.612654945565321546e-02 7.340038418769836426e-01 1.258364762179553509e-03
2.623892169076293135e-02 7.300202250480651855e-01 1.253233407624065876e-03
2.635129392587264377e-02 7.255941629409790039e-01 1.245032181032001972e-03
2.646366616098235966e-02 7.208564281463623047e-01 1.238560536876320839e-03
2.657603839609207208e-02 7.160656452178955078e-01 1.234321971423923969e-03
2.668841063120178797e-02 7.106378078460693359e-01 1.224547042511403561e-03
2.680078286631150386e-02 7.090876102447509766e-01 1.220813253894448280e-03
2.691315510142121975e-02 7.059975862503051758e-01 1.217107521370053291e-03
2.702552733653093217e-02 7.016773223876953125e-01 1.209159381687641144e-03
2.713789957164064806e-02 6.971266865730285645e-01 1.204559812322258949e-03
2.725027180675036048e-02 6.933804750442504883e-01 1.198933809064328671e-03
2.736264404186007637e-02 6.920774579048156738e-01 1.194331911392509937e-03
2.747501627696979226e-02 6.857026815414428711e-01 1.185782370157539845e-03
2.758738851207950815e-02 6.844485402107238770e-01 1.184262800961732864e-03
2.769976074718922057e-02 6.793523430824279785e-01 1.176527584902942181e-03
2.781213298229893646e-02 6.755509376525878906e-01 1.171034295111894608e-03
2.792450521740864888e-02 6.701502799987792969e-01 1.165834837593138218e-03
2.803687745251836477e-02 6.642119288444519043e-01 1.156240003183484077e-03
2.814924968762808066e-02 6.624596714973449707e-01 1.153627061285078526e-03
2.826162192273779655e-02 6.587328314781188965e-01 1.149096060544252396e-03
2.837399415784750897e-02 6.529477834701538086e-01 1.138919498771429062e-03
2.848636639295722486e-02 6.517924070358276367e-01 1.138752908445894718e-03
2.859873862806693728e-02 6.491971611976623535e-01 1.133429002948105335e-03
2.871111086317665317e-02 6.447183489799499512e-01 1.125944429077208042e-03
2.882348309828636906e-02 6.413186192512512207e-01 1.123305992223322392e-03
2.893585533339608495e-02 6.370803713798522949e-01 1.115931314416229725e-03
2.904822756850579737e-02 6.330050230026245117e-01 1.109792618080973625e-03
2.916059980361551326e-02 6.313526630401611328e-01 1.108528464101254940e-03
2.927297203872522569e-02 6.266493797302246094e-01 1.101565547287464142e-03
2.938534427383494158e-02 6.232437491416931152e-01 1.095049548894166946e-03
2.949771650894465747e-02 6.203913688659667969e-01 1.092063030228018761e-03
2.961008874405437336e-02 6.159042716026306152e-01 1.085972879081964493e-03
2.972246097916408578e-02 6.139539480209350586e-01 1.080745249055325985e-03
2.983483321427380167e-02 6.109924316406250000e-01 1.077910070307552814e-03
2.994720544938351409e-02 6.086411476135253906e-01 1.073501538485288620e-03
3.005957768449322998e-02 6.060313582420349121e-01 1.067830133251845837e-03
3.017194991960294587e-02 6.017951965332031250e-01 1.063994364812970161e-03
3.028432215471266176e-02 5.986101031303405762e-01 1.059523085132241249e-03
3.039669438982237418e-02 5.942092537879943848e-01 1.052076229825615883e-03
3.050906662493209007e-02 5.907056331634521484e-01 1.048387261107563972e-03
3.062143886004180249e-02 5.875588655471801758e-01 1.044325879774987698e-03
3.073381109515151838e-02 5.835724472999572754e-01 1.036998350173234940e-03
3.084618333026123427e-02 5.815475583076477051e-01 1.035082736052572727e-03
3.095855556537095016e-02 5.782191157341003418e-01 1.030904706567525864e-03
3.107092780048066258e-02 5.746989846229553223e-01 1.022972166538238525e-03
3.118330003559037847e-02 5.707901716232299805e-01 1.020123017951846123e-03
3.129567227070009783e-02 5.676056742668151855e-01 1.016024034470319748e-03
3.140804450580980678e-02 5.656718611717224121e-01 1.010155072435736656e-03
3.152041674091951573e-02 5.622413158416748047e-01 1.006734790280461311e-03
3.163278897602923856e-02 5.596458911895751953e-01 1.003551878966391087e-03
3.174516121113894751e-02 5.565379858016967773e-01 9.973404230549931526e-04
3.185753344624867034e-02 5.573220252990722656e-01 9.970318060368299484e-04
3.196990568135837929e-02 5.543282628059387207e-01 1.011035288684070110e-03
3.208227791646809518e-02 5.499759316444396973e-01 1.018795999698340893e-03
3.219465015157781107e-02 5.454168915748596191e-01 1.021825592033565044e-03
3.230702238668752002e-02 5.411639213562011719e-01 1.021247007884085178e-03
3.241939462179724285e-02 5.388960242271423340e-01 1.018641167320311069e-03
3.253176685690695180e-02 5.362772941589355469e-01 1.017576083540916443e-03
3.264413909201667463e-02 5.342711806297302246e-01 1.018121954984962940e-03
3.275651132712638358e-02 5.290416479110717773e-01 1.012909226119518280e-03
3.286888356223609253e-02 5.280224680900573730e-01 1.013497821986675262e-03
3.298125579734581536e-02 5.246471762657165527e-01 1.012061256915330887e-03
3.309362803245552431e-02 5.213229656219482422e-01 1.007736776955425739e-03
3.320600026756524714e-02 5.206721425056457520e-01 1.008039806038141251e-03
3.331837250267495609e-02 5.184518098831176758e-01 1.007118145935237408e-03
3.343074473778467198e-02 5.143555402755737305e-01 1.002086326479911804e-03
3.354311697289438787e-02 5.124182105064392090e-01 9.995709406211972237e-04
3.365548920800409682e-02 5.084225535392761230e-01 9.981520706787705421e-04
3.376786144311381965e-02 5.087442994117736816e-01 9.855497628450393677e-04
3.388023367822352860e-02 5.069919228553771973e-01 9.644865640439093113e-04
3.399260591333325143e-02 5.016059875488281250e-01 9.530265233479440212e-04
3.410497814844296038e-02 4.979080259799957275e-01 9.448413620702922344e-04
3.421735038355266934e-02 4.971506595611572266e-01 9.400119306519627571e-04
3.432972261866239216e-02 4.927698671817779541e-01 9.340445976704359055e-04
3.444209485377210112e-02 4.914874136447906494e-01 9.289602166973054409e-04
3.455446708888182394e-02 4.862723052501678467e-01 9.210152202285826206e-04
3.466683932399153290e-02 4.866652488708496094e-01 9.206941467709839344e-04
3.477921155910124185e-02 4.833995103836059570e-01 9.137918823398649693e-04
3.489158379421096468e-02 4.801098108291625977e-01 9.084656485356390476e-04
3.500395602932067363e-02 4.764108359813690186e-01 9.044294129125773907e-04
3.511632826443039646e-02 4.762521386146545410e-01 9.011089568957686424e-04
3.522870049954010541e-02 4.734124541282653809e-01 8.956063538789749146e-04
3.534107273464982130e-02 4.711812138557434082e-01 8.928495226427912712e-04
3.545344496975953719e-02 4.677000939846038818e-01 8.880585664883255959e-04
3.556581720486924614e-02 4.653470218181610107e-01 8.826844277791678905e-04
3.567818943997896897e-02 4.628020823001861572e-01 8.788967970758676529e-04
3.579056167508867792e-02 4.621865749359130859e-01 8.779159979894757271e-04
3.590293391019840075e-02 4.580864012241363525e-01 8.712537819519639015e-04
3.601530614530810970e-02 4.566094279289245605e-01 8.689975948072969913e-04
3.612767838041781865e-02 4.539321660995483398e-01 8.647091453894972801e-04
3.624005061552754148e-02 4.510338604450225830e-01 8.603550959378480911e-04
3.635242285063725043e-02 4.487296640872955322e-01 8.623634348623454571e-04
3.646479508574697326e-02 4.486024379730224609e-01 8.772909641265869141e-04
3.657716732085668221e-02 4.450716972351074219e-01 8.800128125585615635e-04
3.668953955596639810e-02 4.422348141670227051e-01 8.795642061159014702e-04
3.680191179107611399e-02 4.396249353885650635e-01 8.798343478702008724e-04
3.691428402618582294e-02 4.390218555927276611e-01 8.788958657532930374e-04
3.702665626129554577e-02 4.359265565872192383e-01 8.774926536716520786e-04
3.713902849640525472e-02 4.348509907722473145e-01 8.772903820499777794e-04
3.725140073151497755e-02 4.317999780178070068e-01 8.746951934881508350e-04
3.736377296662468650e-02 4.288010299205780029e-01 8.732940768823027611e-04
3.747614520173439545e-02 4.240017533302307129e-01 8.684305357746779919e-04
3.758851743684411828e-02 4.233841300010681152e-01 8.668020018376410007e-04
3.770088967195382723e-02 4.235983788967132568e-01 8.686773362569510937e-04
3.781326190706355006e-02 4.195597767829895020e-01 8.644668851047754288e-04
3.792563414217325901e-02 4.176888465881347656e-01 8.621403831057250500e-04
3.803800637728297490e-02 4.164865314960479736e-01 8.628944051451981068e-04
3.815037861239269079e-02 4.137538075447082520e-01 8.585591567680239677e-04
3.826275084750239974e-02 4.121629893779754639e-01 8.564803865738213062e-04
3.837512308261212257e-02 4.090909361839294434e-01 8.548229234293103218e-04
3.848749531772183152e-02 4.064739644527435303e-01 8.519471739418804646e-04
3.859986755283155435e-02 4.048478305339813232e-01 8.488763123750686646e-04
3.871223978794126330e-02 4.025097787380218506e-01 8.485568687319755554e-04
3.882461202305097225e-02 4.003973305225372314e-01 8.454392664134502411e-04
3.893698425816069508e-02 3.985198438167572021e-01 8.422793471254408360e-04
3.904935649327040403e-02 3.964612483978271484e-01 8.408785797655582428e-04
3.916172872838012686e-02 3.936840295791625977e-01 8.375750039704144001e-04
3.927410096348983581e-02 3.942059576511383057e-01 8.374752942472696304e-04
3.938647319859955170e-02 3.906462490558624268e-01 8.343417430296540260e-04
3.949884543370926759e-02 3.879579603672027588e-01 8.319047046825289726e-04
3.961121766881897654e-02 3.856053650379180908e-01 8.275213767774403095e-04
3.972358990392869937e-02 3.842022716999053955e-01 8.271395345218479633e-04
3.983596213903840833e-02 3.823325335979461670e-01 8.249515085481107235e-04
3.994833437414813115e-02 3.817126750946044922e-01 8.226679055951535702e-04
4.006070660925784011e-02 3.804331719875335693e-01 8.222952019423246384e-04
4.017307884436754906e-02 3.770452141761779785e-01 8.183314930647611618e-04
4.028545107947727189e-02 3.748669922351837158e-01 8.134127710945904255e-04
4.039782331458698084e-02 3.731051981449127197e-01 8.128397166728973389e-04
4.051019554969670367e-02 3.708848357200622559e-01 8.106417371891438961e-04
4.062256778480641262e-02 3.694050908088684082e-01 8.075971854850649834e-04
4.073494001991612157e-02 3.678670823574066162e-01 8.068893803283572197e-04
4.084731225502584440e-02 3.649228513240814209e-01 8.035534410737454891e-04
4.095968449013555335e-02 3.628370165824890137e-01 7.989758159965276718e-04
4.107205672524527618e-02 3.620348870754241943e-01 7.983242394402623177e-04
4.118442896035498513e-02 3.595841526985168457e-01 7.962604868225753307e-04
4.129680119546470102e-02 3.584485352039337158e-01 7.939380011521279812e-04
4.140917343057441691e-02 3.563988506793975830e-01 7.917223265394568443e-04
4.152154566568412586e-02 3.533946871757507324e-01 7.891315035521984100e-04
4.163391790079384869e-02 3.535427749156951904e-01 7.874636794440448284e-04
4.174629013590355764e-02 3.510366976261138916e-01 7.846584194339811802e-04
4.185866237101328047e-02 3.486960530281066895e-01 7.832845440134406090e-04
4.197103460612298942e-02 3.458408713340759277e-01 7.779424777254462242e-04
4.208340684123269837e-02 3.459885716438293457e-01 7.776665152050554752e-04
4.219577907634242120e-02 3.437920212745666504e-01 7.755063124932348728e-04
4.230815131145213015e-02 3.419239223003387451e-01 7.725107716396450996e-04
4.242052354656185298e-02 3.389640450477600098e-01 7.690140046179294586e-04
4.253289578167156193e-02 3.371973037719726562e-01 7.673869840800762177e-04
4.264526801678127782e-02 3.367782831192016602e-01 7.660200353711843491e-04
4.275764025189099371e-02 3.364759087562561035e-01 7.639903924427926540e-04
4.287001248700070266e-02 3.335575163364410400e-01 7.622695993632078171e-04
4.298238472211042549e-02 3.322202563285827637e-01 7.589504239149391651e-04
4.309475695722013444e-02 3.294600248336791992e-01 7.552964962087571621e-04
4.320712919232985727e-02 3.271825909614562988e-01 7.538854843005537987e-04
4.331950142743956622e-02 3.266604840755462646e-01 7.518570055253803730e-04
4.343187366254927517e-02 3.245360553264617920e-01 7.489137351512908936e-04
4.354424589765899800e-02 3.220038414001464844e-01 7.473235600627958775e-04
4.365661813276870695e-02 3.222243189811706543e-01 7.458830368705093861e-04
4.376899036787842978e-02 3.205066025257110596e-01 7.431950070895254612e-04
4.388136260298813873e-02 3.189277946949005127e-01 7.422501221299171448e-04
4.399373483809785462e-02 3.169184327125549316e-01 7.386145880445837975e-04
4.410610707320757051e-02 3.158650696277618408e-01 7.367960060946643353e-04
4.421847930831727946e-02 3.135447800159454346e-01 7.343051256611943245e-04
4.433085154342700229e-02 3.120681047439575195e-01 7.315324619412422180e-04
4.444322377853671124e-02 3.106968104839324951e-01 7.287284242920577526e-04
4.455559601364643407e-02 3.090399205684661865e-01 7.274684612639248371e-04
4.466796824875614302e-02 3.078684508800506592e-01 7.251900387927889824e-04
4.478034048386585197e-02 3.066967725753784180e-01 7.239672122523188591e-04
4.489271271897557480e-02 3.049263656139373779e-01 7.223177817650139332e-04
4.500508495408528375e-02 3.039237260818481445e-01 7.201472180895507336e-04
4.511745718919500658e-02 3.008702099323272705e-01 7.153026526793837547e-04
4.522982942430471553e-02 3.001866936683654785e-01 7.151496829465031624e-04
4.534220165941443142e-02 2.981746196746826172e-01 7.123238756321370602e-04
4.545457389452414732e-02 2.960325777530670166e-01 7.090937579050660133e-04
4.556694612963385627e-02 2.953847944736480713e-01 7.084007374942302704e-04
4.567931836474357910e-02 2.932374179363250732e-01 7.053493754938244820e-04
4.579169059985328805e-02 2.936422824859619141e-01 7.047136896289885044e-04
4.590406283496301088e-02 2.945714890956878662e-01 7.175708888098597527e-04
4.601643507007271983e-02 2.923458516597747803e-01 7.289800560101866722e-04
4.612880730518242878e-02 2.906102538108825684e-01 7.344757905229926109e-04
4.624117954029215161e-02 2.881455421447753906e-01 7.360731251537799835e-04
4.635355177540186056e-02 2.870960831642150879e-01 7.364511839114129543e-04
4.646592401051158339e-02 2.857207059860229492e-01 7.277374970726668835e-04
4.657829624562129234e-02 2.869956493377685547e-01 7.185578579083085060e-04
4.669066848073100129e-02 2.841396033763885498e-01 7.101515075191855431e-04
4.680304071584072412e-02 2.801578938961029053e-01 7.036747992970049381e-04
4.691541295095043307e-02 2.795692682266235352e-01 7.042961078695952892e-04
4.702778518606015590e-02 2.786426842212677002e-01 7.019816548563539982e-04
4.714015742116986485e-02 2.784244418144226074e-01 6.998789031058549881e-04
4.725252965627958074e-02 2.764450907707214355e-01 6.971730617806315422e-04
4.736490189138929663e-02 2.749618291854858398e-01 6.934392149560153484e-04
4.747727412649900558e-02 2.732133567333221436e-01 6.897444254718720913e-04
4.758964636160872841e-02 2.713827490806579590e-01 6.883093155920505524e-04
4.770201859671843736e-02 2.702872753143310547e-01 6.847815820947289467e-04
4.781439083182816019e-02 2.695108652114868164e-01 6.815314409323036671e-04
4.792676306693786914e-02 2.665428519248962402e-01 6.792249041609466076e-04
4.803913530204757809e-02 2.660871744155883789e-01 6.772299529984593391e-04
4.815150753715730092e-02 2.645901739597320557e-01 6.743410485796630383e-04
4.826387977226700987e-02 2.636747956275939941e-01 6.733112968504428864e-04
4.837625200737673270e-02 2.623146176338195801e-01 6.702065002173185349e-04
4.848862424248644165e-02 2.621040642261505127e-01 6.685675471089780331e-04
4.860099647759615754e-02 2.594280838966369629e-01 6.647442933171987534e-04
4.871336871270587343e-02 2.590426206588745117e-01 6.638332852162420750e-04
4.882574094781558238e-02 2.577437460422515869e-01 6.610538694076240063e-04
4.893811318292530521e-02 2.555178999900817871e-01 6.591048440895974636e-04
4.905048541803501416e-02 2.556495666503906250e-01 6.584482616744935513e-04
4.916285765314473699e-02 2.533013522624969482e-01 6.540355971083045006e-04
4.927522988825444594e-02 2.522820830345153809e-01 6.534376880154013634e-04
4.938760212336415489e-02 2.518656253814697266e-01 6.520765600726008415e-04
4.949997435847387772e-02 2.500469088554382324e-01 6.473260582424700260e-04
4.961234659358358667e-02 2.493160367012023926e-01 6.482538301497697830e-04
4.972471882869330950e-02 2.491147071123123169e-01 6.470787338912487030e-04
4.983709106380301845e-02 2.464488148689270020e-01 6.414213567040860653e-04
4.994946329891273434e-02 2.458291947841644287e-01 6.399255944415926933e-04
5.006183553402245023e-02 2.445906549692153931e-01 6.373596843332052231e-04
5.017420776913215918e-02 2.426923066377639771e-01 6.327473674900829792e-04
5.028658000424188201e-02 2.424113154411315918e-01 6.308548618108034134e-04
5.039895223935159096e-02 2.408056557178497314e-01 6.294336053542792797e-04
5.051132447446131379e-02 2.389138042926788330e-01 6.257697823457419872e-04
5.062369670957102274e-02 2.380206286907196045e-01 6.254386971704661846e-04
5.073606894468073170e-02 2.364505678415298462e-01 6.241830415092408657e-04
5.084844117979045452e-02 2.362641096115112305e-01 6.237665074877440929e-04
5.096081341490016348e-02 2.358665317296981812e-01 6.237463094294071198e-04
5.107318565000988630e-02 2.340906560420989990e-01 6.217287736944854259e-04
5.118555788511959526e-02 2.318762391805648804e-01 6.176349124871194363e-04
5.129793012022931115e-02 2.322334498167037964e-01 6.182361976243555546e-04
5.141030235533902704e-02 2.313343435525894165e-01 6.162842619232833385e-04
5.152267459044873599e-02 2.298913896083831787e-01 6.140233599580824375e-04
5.163504682555845882e-02 2.284145504236221313e-01 6.113506387919187546e-04
5.174741906066816777e-02 2.282760739326477051e-01 6.119223544374108315e-04
5.185979129577788366e-02 2.251261174678802490e-01 6.060118903405964375e-04
5.197216353088759955e-02 2.253593802452087402e-01 6.065924535505473614e-04
5.208453576599730850e-02 2.244940698146820068e-01 6.062928005121648312e-04
5.219690800110703133e-02 2.232430875301361084e-01 6.030272343195974827e-04
5.230928023621674028e-02 2.218381464481353760e-01 6.002164445817470551e-04
5.242165247132646311e-02 2.213432043790817261e-01 6.002750014886260033e-04
5.253402470643617206e-02 2.198498845100402832e-01 5.973112420178949833e-04
5.264639694154588101e-02 2.189545631408691406e-01 5.952343926765024662e-04
5.275876917665560384e-02 2.185519337654113770e-01 5.953833460807800293e-04
5.287114141176531279e-02 2.173488736152648926e-01 5.928229657001793385e-04
5.298351364687503562e-02 2.176678478717803955e-01 5.927376914769411087e-04
5.309588588198474457e-02 2.157498002052307129e-01 5.901494878344237804e-04
5.320825811709446046e-02 2.137329876422882080e-01 5.862828111276030540e-04
5.332063035220417635e-02 2.133498191833496094e-01 5.860538221895694733e-04
5.343300258731388530e-02 2.126450091600418091e-01 5.851080641150474548e-04
5.354537482242360813e-02 2.125040143728256226e-01 5.838571232743561268e-04
5.365774705753331708e-02 2.110779583454132080e-01 5.812788731418550014e-04
5.377011929264303991e-02 2.106750458478927612e-01 5.804431275464594364e-04
5.388249152775274886e-02 2.089299112558364868e-01 5.790293798781931400e-04
5.399486376286245781e-02 2.083735316991806030e-01 5.756759201176464558e-04
5.410723599797218064e-02 2.065416425466537476e-01 5.737500614486634731e-04
5.421960823308188959e-02 2.061239033937454224e-01 5.731271230615675449e-04
5.433198046819161242e-02 2.051733136177062988e-01 5.705757648684084415e-04
5.444435270330132137e-02 2.034463733434677124e-01 5.683933268301188946e-04
5.455672493841103726e-02 2.039087414741516113e-01 5.693451967090368271e-04
5.466909717352075315e-02 2.026258856058120728e-01 5.662590265274047852e-04
5.478146940863046210e-02 2.015316039323806763e-01 5.642399773932993412e-04
5.489384164374018493e-02 1.997642666101455688e-01 5.625154008157551289e-04
5.500621387884989388e-02 1.993481367826461792e-01 5.611898959614336491e-04
5.511858611395961671e-02 1.982674151659011841e-01 5.593525711447000504e-04
5.523095834906932566e-02 1.980541795492172241e-01 5.588172934949398041e-04
5.534333058417903461e-02 1.976233273744583130e-01 5.576834664680063725e-04
5.545570281928875744e-02 1.959251612424850464e-01 5.550349014811217785e-04
5.556807505439846639e-02 1.958310306072235107e-01 5.545723251998424530e-04
5.568044728950818922e-02 1.948686689138412476e-01 5.530603812076151371e-04
5.579281952461789817e-02 1.935524940490722656e-01 5.508590256795287132e-04
5.590519175972761406e-02 1.944482922554016113e-01 5.517480312846601009e-04
5.601756399483732995e-02 1.925888657569885254e-01 5.473506753332912922e-04
5.612993622994703891e-02 1.916982382535934448e-01 5.464148125611245632e-04
5.624230846505676173e-02 1.902072876691818237e-01 5.432818434201180935e-04
5.635468070016647069e-02 1.900883018970489502e-01 5.418690270744264126e-04
5.646705293527619351e-02 1.886597126722335815e-01 5.406316486187279224e-04
5.657942517038590247e-02 1.883021742105484009e-01 5.388570134527981281e-04
5.669179740549561142e-02 1.866994053125381470e-01 5.360715440474450588e-04
5.680416964060533425e-02 1.872193217277526855e-01 5.376839544624090195e-04
5.691654187571504320e-02 1.858446002006530762e-01 5.345523823052644730e-04
5.702891411082476603e-02 1.848883479833602905e-01 5.336794420145452023e-04
5.714128634593447498e-02 1.841669082641601562e-01 5.338416667655110359e-04
5.725365858104419087e-02 1.843685656785964966e-01 5.334655870683491230e-04
5.736603081615390676e-02 1.824412494897842407e-01 5.302145727910101414e-04
5.747840305126361571e-02 1.830428391695022583e-01 5.319638294167816639e-04
5.759077528637333854e-02 1.814706772565841675e-01 5.297700408846139908e-04
5.770314752148304749e-02 1.813088506460189819e-01 5.276369047351181507e-04
5.781551975659276338e-02 1.801184117794036865e-01 5.268644308671355247e-04
5.792789199170247927e-02 1.795829981565475464e-01 5.248740781098604202e-04
5.804026422681218822e-02 1.788489073514938354e-01 5.238438607193529606e-04
5.815263646192191105e-02 1.773527860641479492e-01 5.215877899900078773e-04
5.826500869703162000e-02 1.783838272094726562e-01 5.224058986641466618e-04
5.837738093214134283e-02 1.772714555263519287e-01 5.205388297326862812e-04
5.848975316725105178e-02 1.774409264326095581e-01 5.295207374729216099e-04
5.860212540236076073e-02 1.750286519527435303e-01 5.336531903594732285e-04
5.871449763747048356e-02 1.746018230915069580e-01 5.346112302504479885e-04
5.882686987258019251e-02 1.736129224300384521e-01 5.357422051019966602e-04
5.893924210768991534e-02 1.732445806264877319e-01 5.359029746614396572e-04
5.905161434279962429e-02 1.730034798383712769e-01 5.364957032725214958e-04
5.916398657790934018e-02 1.723030656576156616e-01 5.375182372517883778e-04
5.927635881301905607e-02 1.723356097936630249e-01 5.391614977270364761e-04
5.938873104812876502e-02 1.707927584648132324e-01 5.370983853936195374e-04
5.950110328323848785e-02 1.704787313938140869e-01 5.383620155043900013e-04
5.961347551834819680e-02 1.692976802587509155e-01 5.374840693548321724e-04
5.972584775345791963e-02 1.687750518321990967e-01 5.373859312385320663e-04
5.983821998856762858e-02 1.676779240369796753e-01 5.368882557377219200e-04
5.995059222367733753e-02 1.666885763406753540e-01 5.373997846618294716e-04
6.006296445878706036e-02 1.659840941429138184e-01 5.356131587177515030e-04
6.017533669389676931e-02 1.668150573968887329e-01 5.386083503253757954e-04
6.028770892900649214e-02 1.658365726470947266e-01 5.377518245950341225e-04
6.040008116411620109e-02 1.652564257383346558e-01 5.365774850361049175e-04
6.051245339922591698e-02 1.641900539398193359e-01 5.363605450838804245e-04
6.062482563433563287e-02 1.639286726713180542e-01 5.371350562199950218e-04
6.073719786944534182e-02 1.631037592887878418e-01 5.361353396438062191e-04
6.084957010455506465e-02 1.631177812814712524e-01 5.361930234357714653e-04
6.096194233966477360e-02 1.622166335582733154e-01 5.363544914871454239e-04
6.107431457477449643e-02 1.610576808452606201e-01 5.343304947018623352e-04
6.118668680988420538e-02 1.615898013114929199e-01 5.357264308258891106e-04
6.129905904499391434e-02 1.596743464469909668e-01 5.332839209586381912e-04
6.141143128010363716e-02 1.593111008405685425e-01 5.336291505955159664e-04
6.152380351521334612e-02 1.598845273256301880e-01 5.360264913178980350e-04
6.163617575032306894e-02 1.585509479045867920e-01 5.331996362656354904e-04
6.174854798543277790e-02 1.586832404136657715e-01 5.343566299416124821e-04
6.186092022054249379e-02 1.570627391338348389e-01 5.320342606864869595e-04
6.197329245565220968e-02 1.575628817081451416e-01 5.337959155440330505e-04
6.208566469076191863e-02 1.567400842905044556e-01 5.322971846908330917e-04
6.219803692587164146e-02 1.563611328601837158e-01 5.319252377375960350e-04
6.231040916098135041e-02 1.549269258975982666e-01 5.306070670485496521e-04
6.242278139609107324e-02 1.542920172214508057e-01 5.289817927405238152e-04
6.253515363120078219e-02 1.550616919994354248e-01 5.313063156791031361e-04
6.264752586631050502e-02 1.535263508558273315e-01 5.299198674038052559e-04
6.275989810142021397e-02 1.528616547584533691e-01 5.287040257826447487e-04
6.287227033652992292e-02 1.529684364795684814e-01 5.295568262226879597e-04
6.298464257163963187e-02 1.528222262859344482e-01 5.292545538395643234e-04
6.309701480674935470e-02 1.513658165931701660e-01 5.281660123728215694e-04
6.320938704185907753e-02 1.520019322633743286e-01 5.290016415528953075e-04
6.332175927696878648e-02 1.503273695707321167e-01 5.270858528092503548e-04
6.343413151207849543e-02 1.502096354961395264e-01 5.271658883430063725e-04
6.354650374718820438e-02 1.491612195968627930e-01 5.256853764876723289e-04
6.365887598229792721e-02 1.489846408367156982e-01 5.256739095784723759e-04
6.377124821740765004e-02 1.483334749937057495e-01 5.252265254966914654e-04
6.388362045251735899e-02 1.480064988136291504e-01 5.241243634372949600e-04
6.399599268762706794e-02 1.480350494384765625e-01 5.265146610327064991e-04
6.410836492273679077e-02 1.466136574745178223e-01 5.231199320405721664e-04
6.422073715784649972e-02 1.462494581937789917e-01 5.223511252552270889e-04
6.433310939295622255e-02 1.475126296281814575e-01 5.256335134617984295e-04
6.444548162806593150e-02 1.456256359815597534e-01 5.227106739766895771e-04
6.455785386317564045e-02 1.456264704465866089e-01 5.232298863120377064e-04
6.467022609828536328e-02 1.454326063394546509e-01 5.230542155914008617e-04
6.478259833339507223e-02 1.444468647241592407e-01 5.212071700952947140e-04
6.489497056850479506e-02 1.436066031455993652e-01 5.203097243793308735e-04
6.500734280361450401e-02 1.431432068347930908e-01 5.186037160456180573e-04
6.511971503872421296e-02 1.427505314350128174e-01 5.199317820370197296e-04
6.523208727383393579e-02 1.430641561746597290e-01 5.200359155423939228e-04
6.534445950894365862e-02 1.409452408552169800e-01 5.170705262571573257e-04
6.545683174405336757e-02 1.407929062843322754e-01 5.182672757655382156e-04
6.556920397916307652e-02 1.410001814365386963e-01 5.177948041819036007e-04
6.568157621427278547e-02 1.395837813615798950e-01 5.164074245840311050e-04
6.579394844938250830e-02 1.396327018737792969e-01 5.162779125384986401e-04
6.590632068449223113e-02 1.392482817173004150e-01 5.153489182703197002e-04
6.601869291960194008e-02 1.387944817543029785e-01 5.151923396624624729e-04
6.613106515471164903e-02 1.380397677421569824e-01 5.135993706062436104e-04
6.624343738982135799e-02 1.382763534784317017e-01 5.142749869264662266e-04
6.635580962493108081e-02 1.381270885467529297e-01 5.142408772371709347e-04
6.646818186004080364e-02 1.367912888526916504e-01 5.132898804731667042e-04
6.658055409515051259e-02 1.368022859096527100e-01 5.127454060129821301e-04
6.669292633026022155e-02 1.357745975255966187e-01 5.118267145007848740e-04
6.680529856536994437e-02 1.370553821325302124e-01 5.135943065397441387e-04
6.691767080047965333e-02 1.352304518222808838e-01 5.105000454932451248e-04
6.703004303558937615e-02 1.353998780250549316e-01 5.123309674672782421e-04
6.714241527069908511e-02 1.344439983367919922e-01 5.108926561661064625e-04
6.725478750580879406e-02 1.347828954458236694e-01 5.094826337881386280e-04
6.736715974091851689e-02 1.346222758293151855e-01 5.103848525322973728e-04
6.747953197602822584e-02 1.338409930467605591e-01 5.096265231259167194e-04
6.759190421113794867e-02 1.335025429725646973e-01 5.089099868200719357e-04
6.770427644624765762e-02 1.322817057371139526e-01 5.067239981144666672e-04
6.781664868135736657e-02 1.327807158231735229e-01 5.086538149043917656e-04
6.792902091646708940e-02 1.318766772747039795e-01 5.067674210295081139e-04
6.804139315157681223e-02 1.313452124595642090e-01 5.063718999736011028e-04
6.815376538668652118e-02 1.313226819038391113e-01 5.066986195743083954e-04
6.826613762179623013e-02 1.302878111600875854e-01 5.044489516876637936e-04
6.837850985690593908e-02 1.300680041313171387e-01 5.038320668973028660e-04
6.849088209201566191e-02 1.298822164535522461e-01 5.037417286075651646e-04
6.860325432712538474e-02 1.294033974409103394e-01 5.024703568778932095e-04
6.871562656223509369e-02 1.294399052858352661e-01 5.028998130001127720e-04
6.882799879734480264e-02 1.292276084423065186e-01 5.039462121203541756e-04
6.894037103245451159e-02 1.292960941791534424e-01 5.033590714447200298e-04
6.905274326756423442e-02 1.279040426015853882e-01 5.016189534217119217e-04
6.916511550267395725e-02 1.276346892118453979e-01 5.016487557440996170e-04
6.927748773778366620e-02 1.269509345293045044e-01 5.001406534574925900e-04
6.938985997289337515e-02 1.275307387113571167e-01 5.011961329728364944e-04
6.950223220800308410e-02 1.265418529510498047e-01 5.002570687793195248e-04
6.961460444311280693e-02 1.252674162387847900e-01 4.974248004145920277e-04
6.972697667822252976e-02 1.256947666406631470e-01 4.990966990590095520e-04
6.983934891333223871e-02 1.255822032690048218e-01 5.000460660085082054e-04
6.995172114844194766e-02 1.245451942086219788e-01 4.964752006344497204e-04
7.006409338355167049e-02 1.245794966816902161e-01 4.966933047398924828e-04
7.017646561866137944e-02 1.239063963294029236e-01 4.957689088769257069e-04
7.028883785377110227e-02 1.237749308347702026e-01 4.965219995938241482e-04
7.040121008888081122e-02 1.227223426103591919e-01 4.944368265569210052e-04
7.051358232399052017e-02 1.226754188537597656e-01 4.951633745804429054e-04
7.062595455910024300e-02 1.221116855740547180e-01 4.931193543598055840e-04
7.073832679420995195e-02 1.214489117264747620e-01 4.939070204272866249e-04
7.085069902931967478e-02 1.214828938245773315e-01 4.928433336317539215e-04
7.096307126442938373e-02 1.216742172837257385e-01 4.929134738631546497e-04
7.107544349953909268e-02 1.213280260562896729e-01 4.924589884467422962e-04
7.118781573464881551e-02 1.215680614113807678e-01 4.929547430947422981e-04
7.130018796975853834e-02 1.200885474681854248e-01 4.919385537505149841e-04
7.141256020486824729e-02 1.200660094618797302e-01 4.911276628263294697e-04
7.152493243997795624e-02 1.196485236287117004e-01 4.903328372165560722e-04
7.163730467508766520e-02 1.191519424319267273e-01 4.893685108982026577e-04
7.174967691019738802e-02 1.198212876915931702e-01 4.914643359370529652e-04
7.186204914530711085e-02 1.189897656440734863e-01 4.901070496998727322e-04
7.197442138041681980e-02 1.189301386475563049e-01 4.895224119536578655e-04
7.208679361552652876e-02 1.183443218469619751e-01 4.878719046246260405e-04
7.219916585063623771e-02 1.183340474963188171e-01 4.886554088443517685e-04
7.231153808574596054e-02 1.172023490071296692e-01 4.868851974606513977e-04
7.242391032085568336e-02 1.168567538261413574e-01 4.858475585933774710e-04
7.253628255596539232e-02 1.160299852490425110e-01 4.847596283070743084e-04
7.264865479107510127e-02 1.166108772158622742e-01 4.863316135015338659e-04
7.276102702618482410e-02 1.164694204926490784e-01 4.851943522226065397e-04
7.287339926129453305e-02 1.156311109662055969e-01 4.855563456658273935e-04
7.298577149640425588e-02 1.152901649475097656e-01 4.838568565901368856e-04
7.309814373151396483e-02 1.146353185176849365e-01 4.826939257327467203e-04
7.321051596662367378e-02 1.146501600742340088e-01 4.822461633011698723e-04
7.332288820173339661e-02 1.132892519235610962e-01 4.795833665411919355e-04
7.343526043684310556e-02 1.139582842588424683e-01 4.825029172934591770e-04
7.354763267195282839e-02 1.131020337343215942e-01 4.814498824998736382e-04
7.366000490706253734e-02 1.138496175408363342e-01 4.823970666620880365e-04
7.377237714217224629e-02 1.124106198549270630e-01 4.799552261829376221e-04
7.388474937728196912e-02 1.127180159091949463e-01 4.800744645763188601e-04
7.399712161239169195e-02 1.115080192685127258e-01 4.789326630998402834e-04
7.410949384750140090e-02 1.116281300783157349e-01 4.781346360687166452e-04
7.422186608261110985e-02 1.122581288218498230e-01 4.795863060280680656e-04
7.433423831772081880e-02 1.113849654793739319e-01 4.774344270117580891e-04
7.444661055283054163e-02 1.115919724106788635e-01 4.766940546687692404e-04
7.455898278794026446e-02 1.108378171920776367e-01 4.760507144965231419e-04
7.467135502304997341e-02 1.103928610682487488e-01 4.752082168124616146e-04
7.478372725815968236e-02 1.101880595088005066e-01 4.740057629533112049e-04
7.489609949326939131e-02 1.093582734465599060e-01 4.738352436106652021e-04
7.500847172837911414e-02 1.092888787388801575e-01 4.728227795567363501e-04
7.512084396348883697e-02 1.083518862724304199e-01 4.699405981227755547e-04
7.523321619859854592e-02 1.091561242938041687e-01 4.716954135801643133e-04
7.534558843370825487e-02 1.081732362508773804e-01 4.697681288234889507e-04
7.545796066881796382e-02 1.078069806098937988e-01 4.695079114753752947e-04
7.557033290392768665e-02 1.076380163431167603e-01 4.700820427387952805e-04
7.568270513903740948e-02 1.071657016873359680e-01 4.694458621088415384e-04
7.579507737414711843e-02 1.060534864664077759e-01 4.670999478548765182e-04
7.590744960925682738e-02 1.063156202435493469e-01 4.671507631428539753e-04
7.601982184436655021e-02 1.069843173027038574e-01 4.703428712673485279e-04
7.613219407947625916e-02 1.061070412397384644e-01 4.671944770961999893e-04
7.624456631458598199e-02 1.045956835150718689e-01 4.677818797063082457e-04
7.635693854969569094e-02 1.052897721529006958e-01 4.663530562538653612e-04
7.646931078480539989e-02 1.048748418688774109e-01 4.651096242014318705e-04
7.658168301991512272e-02 1.041792333126068115e-01 4.645781882572919130e-04
7.669405525502483167e-02 1.047005131840705872e-01 4.658560501411557198e-04
7.680642749013455450e-02 1.039485558867454529e-01 4.639275721274316311e-04
7.691879972524426345e-02 1.043675020337104797e-01 4.656354431062936783e-04
7.703117196035397241e-02 1.035276651382446289e-01 4.632567870430648327e-04
7.714354419546369523e-02 1.036103814840316772e-01 4.629416798707097769e-04
7.725591643057341806e-02 1.025061830878257751e-01 4.628510796464979649e-04
7.736828866568312701e-02 1.035938337445259094e-01 4.633089411072432995e-04
7.748066090079283597e-02 1.026407703757286072e-01 4.608517629094421864e-04
7.759303313590254492e-02 1.014377772808074951e-01 4.605018475558608770e-04
7.770540537101226775e-02 1.012614890933036804e-01 4.603044362738728523e-04
7.781777760612199057e-02 1.008318215608596802e-01 4.579631786327809095e-04
7.793014984123169953e-02 1.003908067941665649e-01 4.594568454194813967e-04
7.804252207634140848e-02 1.008302718400955200e-01 4.593228222802281380e-04
7.815489431145111743e-02 1.005840748548507690e-01 4.583488916978240013e-04
7.826726654656084026e-02 1.003308743238449097e-01 4.583965055644512177e-04
7.837963878167056309e-02 1.002241149544715881e-01 4.575596249196678400e-04
7.849201101678027204e-02 9.991465508937835693e-02 4.575530765578150749e-04
7.860438325188998099e-02 9.869556128978729248e-02 4.553272156044840813e-04
7.871675548699970382e-02 9.921397268772125244e-02 4.552285536192357540e-04
7.882912772210941277e-02 9.884694218635559082e-02 4.550952871795743704e-04
7.894149995721913560e-02 9.818457812070846558e-02 4.533673054538667202e-04
7.905387219232884455e-02 9.865963459014892578e-02 4.559033841360360384e-04
7.916624442743855350e-02 9.740171581506729126e-02 4.524441028479486704e-04
7.927861666254827633e-02 9.695410728454589844e-02 4.522278031799942255e-04
7.939098889765798528e-02 9.790221601724624634e-02 4.542469687294214964e-04
7.950336113276770811e-02 9.728147834539413452e-02 4.522070230450481176e-04
7.961573336787741706e-02 9.685423970222473145e-02 4.523193056229501963e-04
7.972810560298712601e-02 9.590330719947814941e-02 4.512360319495201111e-04
7.984047783809684884e-02 9.593904018402099609e-02 4.487721016630530357e-04
7.995285007320657167e-02 9.585230052471160889e-02 4.497014742810279131e-04
8.006522230831628062e-02 9.557817876338958740e-02 4.490677965804934502e-04
8.017759454342598957e-02 9.497791528701782227e-02 4.488590639084577560e-04
8.028996677853569852e-02 9.480839222669601440e-02 4.485967510845512152e-04
8.040233901364542135e-02 9.421595931053161621e-02 4.476909816730767488e-04
8.051471124875514418e-02 9.416709095239639282e-02 4.458681505639106035e-04
8.062708348386485313e-02 9.447365999221801758e-02 4.478294285945594311e-04
8.073945571897456208e-02 9.428656846284866333e-02 4.475431051105260849e-04
8.085182795408427103e-02 9.403862059116363525e-02 4.467725811991840601e-04
8.096420018919399386e-02 9.316637367010116577e-02 4.457356117200106382e-04
8.107657242430371669e-02 9.292627125978469849e-02 4.454958834685385227e-04
8.118894465941342564e-02 9.274128079414367676e-02 4.440998891368508339e-04
8.130131689452313459e-02 9.160825610160827637e-02 4.454592708498239517e-04
8.141368912963284354e-02 9.185222536325454712e-02 4.432034620549529791e-04
8.152606136474256637e-02 9.220036864280700684e-02 4.435635637491941452e-04
8.163843359985228920e-02 9.130462259054183960e-02 4.423139325808733702e-04
8.175080583496199815e-02 9.066084772348403931e-02 4.396252916194498539e-04
8.186317807007170710e-02 9.122713655233383179e-02 4.417962918523699045e-04
8.197555030518142993e-02 9.157271683216094971e-02 4.415171861182898283e-04
8.208792254029113888e-02 9.128481894731521606e-02 4.414818249642848969e-04
8.220029477540086171e-02 8.972122520208358765e-02 4.375314456410706043e-04
8.231266701051057066e-02 8.967947959899902344e-02 4.376845026854425669e-04
8.242503924562027962e-02 9.073293209075927734e-02 4.416492010932415724e-04
8.253741148073000244e-02 9.034409373998641968e-02 4.401190089993178844e-04
8.264978371583971140e-02 8.921217918395996094e-02 4.371836257632821798e-04
8.276215595094943422e-02 8.939208835363388062e-02 4.376606957521289587e-04
8.287452818605914318e-02 8.895887434482574463e-02 4.369268426671624184e-04
8.298690042116885213e-02 8.812226355075836182e-02 4.358054138720035553e-04
8.309927265627857496e-02 8.793570101261138916e-02 4.355401033535599709e-04
8.321164489138829778e-02 8.751548081636428833e-02 4.347476351540535688e-04
8.332401712649800674e-02 8.764223754405975342e-02 4.352009273134171963e-04
8.343638936160771569e-02 8.732052892446517944e-02 4.358076839707791805e-04
8.354876159671742464e-02 8.697640895843505859e-02 4.346373898442834616e-04
8.366113383182714747e-02 8.574690669775009155e-02 4.308696952648460865e-04
8.377350606693687030e-02 8.587741106748580933e-02 4.320414736866950989e-04
8.388587830204657925e-02 8.639284968376159668e-02 4.320084699429571629e-04
8.399825053715628820e-02 8.625453710556030273e-02 4.328250943217426538e-04
8.411062277226599715e-02 8.570723235607147217e-02 4.309382638894021511e-04
8.422299500737571998e-02 8.546435832977294922e-02 4.312488308642059565e-04
8.433536724248544281e-02 8.469171077013015747e-02 4.286443872842937708e-04
8.444773947759515176e-02 8.397544920444488525e-02 4.270123899914324284e-04
8.456011171270486071e-02 8.440134674310684204e-02 4.285424074623733759e-04
8.467248394781458354e-02 8.420157432556152344e-02 4.278575361240655184e-04
8.478485618292429249e-02 8.368203043937683105e-02 4.260546702425926924e-04
8.489722841803401532e-02 8.426745235919952393e-02 4.297050472814589739e-04
8.500960065314372427e-02 8.386439085006713867e-02 4.270169592928141356e-04
8.512197288825343322e-02 8.303463459014892578e-02 4.254943050909787416e-04
8.523434512336315605e-02 8.283581584692001343e-02 4.262405564077198505e-04
8.534671735847286500e-02 8.231178671121597290e-02 4.240348644088953733e-04
8.545908959358258783e-02 8.253122121095657349e-02 4.248169134370982647e-04
8.557146182869229678e-02 8.239740133285522461e-02 4.243796865921467543e-04
8.568383406380200573e-02 8.195897936820983887e-02 4.234477819409221411e-04
8.579620629891172856e-02 8.102761209011077881e-02 4.217547248117625713e-04
8.590857853402145139e-02 8.082437515258789062e-02 4.214471264276653528e-04
8.602095076913116034e-02 8.156956732273101807e-02 4.227439640089869499e-04
8.613332300424086929e-02 8.148785680532455444e-02 4.218984686303883791e-04
8.624569523935057824e-02 8.090661466121673584e-02 4.224302538204938173e-04
8.635806747446030107e-02 8.074582368135452271e-02 4.206044250167906284e-04
8.647043970957002390e-02 8.017016947269439697e-02 4.207614983897656202e-04
8.658281194467973285e-02 8.042766898870468140e-02 4.200912953820079565e-04
8.669518417978944180e-02 7.969745993614196777e-02 4.190922190900892019e-04
8.680755641489915075e-02 7.921202480792999268e-02 4.176947404630482197e-04
8.691992865000887358e-02 7.883272320032119751e-02 4.179136594757437706e-04
8.703230088511859641e-02 7.809746265411376953e-02 4.169100429862737656e-04
8.714467312022830536e-02 7.838344573974609375e-02 4.157855582889169455e-04
8.725704535533801431e-02 7.834108173847198486e-02 4.150797321926802397e-04
8.736941759044772327e-02 7.803986221551895142e-02 4.160512762609869242e-04
8.748178982555744609e-02 7.773701846599578857e-02 4.150053719058632851e-04
8.759416206066716892e-02 7.759423553943634033e-02 4.146912542637437582e-04
8.770653429577687787e-02 7.792346179485321045e-02 4.143715486861765385e-04
8.781890653088658683e-02 7.840827852487564087e-02 4.158514493610709906e-04
8.793127876599630965e-02 7.700172066688537598e-02 4.137955547776073217e-04
8.804365100110601861e-02 7.673884928226470947e-02 4.122358805034309626e-04
8.815602323621574143e-02 7.567312568426132202e-02 4.117373318877071142e-04
8.826839547132545039e-02 7.630706578493118286e-02 4.130571905989199877e-04
8.838076770643515934e-02 7.604111731052398682e-02 4.099625220987945795e-04
8.849313994154488217e-02 7.640470564365386963e-02 4.117672215215861797e-04
8.860551217665459112e-02 7.539592683315277100e-02 4.104196268599480391e-04
8.871788441176431395e-02 7.533017545938491821e-02 4.092729650437831879e-04
8.883025664687402290e-02 7.546783238649368286e-02 4.111737944185733795e-04
8.894262888198373185e-02 7.476864010095596313e-02 4.085252294316887856e-04
8.905500111709345468e-02 7.438422739505767822e-02 4.074098251294344664e-04
8.916737335220317751e-02 7.442592084407806396e-02 4.077273770235478878e-04
8.927974558731288646e-02 7.390813529491424561e-02 4.076590412296354771e-04
8.939211782242259541e-02 7.340580970048904419e-02 4.062427324242889881e-04
8.950449005753230436e-02 7.372506707906723022e-02 4.067949776072055101e-04
8.961686229264202719e-02 7.358407974243164062e-02 4.076504264958202839e-04
8.972923452775175002e-02 7.337037473917007446e-02 4.043893422931432724e-04
8.984160676286145897e-02 7.255443185567855835e-02 4.043590452056378126e-04
8.995397899797116792e-02 7.182625681161880493e-02 4.031241987831890583e-04
9.006635123308087687e-02 7.246521115303039551e-02 4.031845019198954105e-04
9.017872346819059970e-02 7.195140421390533447e-02 4.022841167170554399e-04
9.029109570330032253e-02 7.229952514171600342e-02 4.044563102070242167e-04
9.040346793841003148e-02 7.205202430486679077e-02 4.019397310912609100e-04
9.051584017351974043e-02 7.181877642869949341e-02 4.023480287287384272e-04
9.062821240862946326e-02 7.135948538780212402e-02 4.014824517071247101e-04
9.074058464373917221e-02 7.167041301727294922e-02 4.017690371256321669e-04
9.085295687884889504e-02 7.030148059129714966e-02 3.990517870988696814e-04
9.096532911395860399e-02 7.031901180744171143e-02 3.997714957222342491e-04
9.107770134906831294e-02 7.044429332017898560e-02 3.990225668530911207e-04
9.119007358417803577e-02 7.063896954059600830e-02 4.006495873909443617e-04
9.130244581928774472e-02 6.975961476564407349e-02 3.987775126006454229e-04
9.141481805439746755e-02 6.912357360124588013e-02 3.955731226596981287e-04
9.152719028950717650e-02 6.917729228734970093e-02 3.962152404710650444e-04
9.163956252461688545e-02 6.923563033342361450e-02 3.973012790083885193e-04
9.175193475972660828e-02 6.933136284351348877e-02 3.972902777604758739e-04
9.186430699483633111e-02 6.881636381149291992e-02 3.971214755438268185e-04
9.197667922994604006e-02 6.802994012832641602e-02 3.946755605284124613e-04
9.208905146505574901e-02 6.756648421287536621e-02 3.938090812880545855e-04
9.220142370016545796e-02 6.793617457151412964e-02 3.934480773750692606e-04
9.231379593527518079e-02 6.738070398569107056e-02 3.925492637790739536e-04
9.242616817038490362e-02 6.765377521514892578e-02 3.926253993995487690e-04
9.253854040549461257e-02 6.712039560079574585e-02 3.932006657123565674e-04
9.265091264060432152e-02 6.724731624126434326e-02 3.930152452085167170e-04
9.276328487571403048e-02 6.643431633710861206e-02 3.907741338480263948e-04
9.287565711082375330e-02 6.630142033100128174e-02 3.886167251039296389e-04
9.298802934593347613e-02 6.602442264556884766e-02 3.890155348926782608e-04
9.310040158104318508e-02 6.580600887537002563e-02 3.895811096299439669e-04
9.321277381615289404e-02 6.542314589023590088e-02 3.880831063725054264e-04
9.332514605126260299e-02 6.554749608039855957e-02 3.898584691341966391e-04
9.343751828637232582e-02 6.544592976570129395e-02 3.885507758241146803e-04
9.354989052148204864e-02 6.555705517530441284e-02 3.899719449691474438e-04
9.366226275659175760e-02 6.482119113206863403e-02 3.878017596434801817e-04
9.377463499170146655e-02 6.420385837554931641e-02 3.860405413433909416e-04
9.388700722681118938e-02 6.500121951103210449e-02 3.881738812196999788e-04
9.399937946192089833e-02 6.518572568893432617e-02 3.863683086819946766e-04
9.411175169703062116e-02 6.388689577579498291e-02 3.857532574329525232e-04
9.422412393214033011e-02 6.359864026308059692e-02 3.836089454125612974e-04
9.433649616725003906e-02 6.421108543872833252e-02 3.854784299619495869e-04
9.444886840235976189e-02 6.400483101606369019e-02 3.841933503281325102e-04
9.456124063746947084e-02 6.291405111551284790e-02 3.822037542704492807e-04
9.467361287257919367e-02 6.290855258703231812e-02 3.820360288955271244e-04
9.478598510768890262e-02 6.247829645872116089e-02 3.812847135122865438e-04
9.489835734279861157e-02 6.240602955222129822e-02 3.812699578702449799e-04
9.501072957790833440e-02 6.265597045421600342e-02 3.818019758909940720e-04
9.512310181301805723e-02 6.275740265846252441e-02 3.814108204096555710e-04
9.523547404812776618e-02 6.173332035541534424e-02 3.779546823352575302e-04
9.534784628323747513e-02 6.167617812752723694e-02 3.799097030423581600e-04
9.546021851834718408e-02 6.114736944437026978e-02 3.794685471802949905e-04
9.557259075345690691e-02 6.108245253562927246e-02 3.779552935156971216e-04
9.568496298856662974e-02 6.084229797124862671e-02 3.764106077142059803e-04
9.579733522367633869e-02 6.135265156626701355e-02 3.775363147724419832e-04
9.590970745878604764e-02 6.091909855604171753e-02 3.776110534090548754e-04
9.602207969389575659e-02 6.180156022310256958e-02 3.844292950816452503e-04
9.613445192900547942e-02 6.062139570713043213e-02 3.969350364059209824e-04
9.624682416411520225e-02 6.050625815987586975e-02 4.035001620650291443e-04
9.635919639922491120e-02 6.029202789068222046e-02 4.093517782166600227e-04
9.647156863433462015e-02 5.925559252500534058e-02 4.117765347473323345e-04
9.658394086944434298e-02 5.912871658802032471e-02 4.172239569015800953e-04
9.669631310455405193e-02 5.980813503265380859e-02 4.250381025485694408e-04
9.680868533966377476e-02 5.932547524571418762e-02 4.299447173252701759e-04
9.692105757477348371e-02 5.945507809519767761e-02 4.342774045653641224e-04
9.703342980988319266e-02 5.949100852012634277e-02 4.405559448059648275e-04
9.714580204499291549e-02 5.754398554563522339e-02 4.409768152981996536e-04
9.725817428010262444e-02 5.850227549672126770e-02 4.474616434890776873e-04
9.737054651521234727e-02 5.859342962503433228e-02 4.529425059445202351e-04
9.748291875032205622e-02 5.763805285096168518e-02 4.551293386612087488e-04
9.759529098543176517e-02 5.794983357191085815e-02 4.599998937919735909e-04
9.770766322054148800e-02 5.875204876065254211e-02 4.674813826568424702e-04
9.782003545565119695e-02 5.628183484077453613e-02 4.679205885622650385e-04
9.793240769076091978e-02 5.690895020961761475e-02 4.694135568570345640e-04
9.804477992587062873e-02 5.589976161718368530e-02 4.735773545689880848e-04
9.815715216098033769e-02 5.674503743648529053e-02 4.750084772240370512e-04
9.826952439609006051e-02 5.740819871425628662e-02 4.781822208315134048e-04
9.838189663119978334e-02 5.618553981184959412e-02 4.785921191796660423e-04
9.849426886630949229e-02 5.672962963581085205e-02 4.868414835073053837e-04
9.860664110141920125e-02 5.584758147597312927e-02 4.900247440673410892e-04
9.871901333652891020e-02 5.650569498538970947e-02 4.950733855366706848e-04
9.883138557163863303e-02 5.591243132948875427e-02 4.951657028868794441e-04
9.894375780674835585e-02 5.531826615333557129e-02 5.002616089768707752e-04
9.905613004185806481e-02 5.519893020391464233e-02 5.070924526080489159e-04
9.916850227696777376e-02 5.517228320240974426e-02 5.110441707074642181e-04
9.928087451207748271e-02 5.524409189820289612e-02 5.153274978511035442e-04
9.939324674718720554e-02 5.431326106190681458e-02 5.165610928088426590e-04
9.950561898229692837e-02 5.438608676195144653e-02 5.225872155278921127e-04
9.961799121740663732e-02 5.341830104589462280e-02 5.244609783403575420e-04
9.973036345251634627e-02 5.271834507584571838e-02 5.249479436315596104e-04
9.984273568762606910e-02 5.328320711851119995e-02 5.343888769857585430e-04
9.995510792273577805e-02 5.371093750000000000e-02 5.378216155804693699e-04
1.000674801578455009e-01 5.421480163931846619e-02 5.491568590514361858e-04
1.001798523929552098e-01 5.334001034498214722e-02 5.496125086210668087e-04
1.002922246280649188e-01 5.375361815094947815e-02 5.581588484346866608e-04
1.004045968631746416e-01 5.347091704607009888e-02 5.627774517051875591e-04
1.005169690982843506e-01 5.389333143830299377e-02 5.720743210986256599e-04
1.006293413333940734e-01 5.221500620245933533e-02 5.705179646611213684e-04
1.007417135685037823e-01 5.233665928244590759e-02 5.811527371406555176e-04
1.008540858036134913e-01 5.303173884749412537e-02 5.869171000085771084e-04
1.009664580387232141e-01 5.266907066106796265e-02 5.933628417551517487e-04
1.010788302738329369e-01 5.219608917832374573e-02 5.945320590399205685e-04
1.011912025089426459e-01 5.173565819859504700e-02 6.014894461259245872e-04
1.013035747440523549e-01 5.160411447286605835e-02 6.011884543113410473e-04
1.014159469791620638e-01 5.212605372071266174e-02 6.095352000556886196e-04
1.015283192142717866e-01 5.082238093018531799e-02 6.134538562037050724e-04
1.016406914493815095e-01 5.033586919307708740e-02 6.119355675764381886e-04
1.017530636844912184e-01 5.108870565891265869e-02 6.222180672921240330e-04
1.018654359196009274e-01 4.963290318846702576e-02 6.156821036711335182e-04
1.019778081547106363e-01 5.077091977000236511e-02 6.292917532846331596e-04
1.020901803898203591e-01 4.942419379949569702e-02 6.317368242889642715e-04
1.022025526249300820e-01 4.987145960330963135e-02 6.432660738937556744e-04
1.023149248600397909e-01 5.030992627143859863e-02 6.512242252938449383e-04
1.024272970951494999e-01 5.007507652044296265e-02 6.581966881640255451e-04
1.025396693302592227e-01 4.982207342982292175e-02 6.650080322287976742e-04
1.026520415653689317e-01 4.960073903203010559e-02 6.759705720469355583e-04
1.027644138004786545e-01 4.989442601799964905e-02 6.817564135417342186e-04
1.028767860355883634e-01 4.846466705203056335e-02 6.798235699534416199e-04
1.029891582706980724e-01 4.887182265520095825e-02 6.882232846692204475e-04
1.031015305058077952e-01 4.739254340529441833e-02 6.844289600849151611e-04
1.032139027409175042e-01 4.871571809053421021e-02 7.003239006735384464e-04
1.033262749760272270e-01 4.802658036351203918e-02 6.989362300373613834e-04
1.034386472111369359e-01 4.798629879951477051e-02 7.051352877169847488e-04
1.035510194462466449e-01 4.810345545411109924e-02 7.028912077657878399e-04
1.036633916813563677e-01 4.702459648251533508e-02 7.151321042329072952e-04
1.037757639164660767e-01 4.557009786367416382e-02 7.042087381705641747e-04
1.038881361515757995e-01 4.685547575354576111e-02 7.160310051403939724e-04
1.040005083866855085e-01 4.720242321491241455e-02 7.236131350509822369e-04
1.041128806217952174e-01 4.585938528180122375e-02 7.220446132123470306e-04
1.042252528569049402e-01 4.484491422772407532e-02 7.265385356731712818e-04
1.043376250920146631e-01 4.656971246004104614e-02 7.337743882089853287e-04
1.044499973271243720e-01 4.560372233390808105e-02 7.365134079009294510e-04
1.045623695622340810e-01 4.565977305173873901e-02 7.387737277895212173e-04
1.046747417973437899e-01 4.708180204033851624e-02 7.537495694123208523e-04
1.047871140324535127e-01 4.633843153715133667e-02 7.582906400784850121e-04
1.048994862675632356e-01 4.596282541751861572e-02 7.606538711115717888e-04
1.050118585026729445e-01 4.582919925451278687e-02 7.711807847954332829e-04
1.051242307377826535e-01 4.515426605939865112e-02 7.687835022807121277e-04
1.052366029728923624e-01 4.444812238216400146e-02 7.749940850771963596e-04
1.053489752080020853e-01 4.411289095878601074e-02 7.712688529863953590e-04
1.054613474431118081e-01 4.537143558263778687e-02 7.924161618575453758e-04
1.055737196782215170e-01 4.504541680216789246e-02 7.993956096470355988e-04
1.056860919133312260e-01 4.522923752665519714e-02 8.068206370808184147e-04
1.057984641484409488e-01 4.415643587708473206e-02 8.116165990941226482e-04
1.059108363835506578e-01 4.451872780919075012e-02 8.145921165123581886e-04
1.060232086186603806e-01 4.403984919190406799e-02 8.211884996853768826e-04
1.061355808537700895e-01 4.398204386234283447e-02 8.384796092286705971e-04
1.062479530888797985e-01 4.335925728082656860e-02 8.404896943829953671e-04
1.063603253239895213e-01 4.242013394832611084e-02 8.388340938836336136e-04
1.064726975590992303e-01 4.451392218470573425e-02 8.616605773568153381e-04
1.065850697942089531e-01 4.402610287070274353e-02 8.670382085256278515e-04
1.066974420293186621e-01 4.337447881698608398e-02 8.615406113676726818e-04
1.068098142644283710e-01 4.171858355402946472e-02 8.702343329787254333e-04
1.069221864995380938e-01 4.148842766880989075e-02 8.689712849445641041e-04
1.070345587346478167e-01 4.216041788458824158e-02 8.922130800783634186e-04
1.071469309697575256e-01 4.231302067637443542e-02 8.969029295258224010e-04
1.072593032048672346e-01 4.310376569628715515e-02 9.121436742134392262e-04
1.073716754399769435e-01 4.259545728564262390e-02 9.162451606243848801e-04
1.074840476750866664e-01 4.227749630808830261e-02 9.250445291399955750e-04
1.075964199101963892e-01 4.158980026841163635e-02 9.302874095737934113e-04
1.077087921453060981e-01 4.206770285964012146e-02 9.557781158946454525e-04
1.078211643804158071e-01 4.013344645500183105e-02 9.539003949612379074e-04
1.079335366155255160e-01 4.096187651157379150e-02 9.766329312697052956e-04
1.080459088506352389e-01 4.235865175724029541e-02 9.943590266630053520e-04
1.081582810857449617e-01 4.344552755355834961e-02 1.002328819595277309e-03
1.082706533208546706e-01 4.190749675035476685e-02 9.998985333368182182e-04
1.083830255559643796e-01 3.915225714445114136e-02 1.006821286864578724e-03
1.084953977910741024e-01 4.028194397687911987e-02 1.024747965857386589e-03
1.086077700261838114e-01 4.165012016892433167e-02 1.054708613082766533e-03
1.087201422612935342e-01 4.190582409501075745e-02 1.074836472980678082e-03
1.088325144964032432e-01 3.931901976466178894e-02 1.070324331521987915e-03
1.089448867315129521e-01 3.824775293469429016e-02 1.076224725693464279e-03
1.090572589666226749e-01 3.957306593656539917e-02 1.121265348047018051e-03
1.091696312017323839e-01 3.942948579788208008e-02 1.137964311055839062e-03
1.092820034368421067e-01 4.182594642043113708e-02 1.162723288871347904e-03
1.093943756719518157e-01 3.944747522473335266e-02 1.188355032354593277e-03
1.095067479070615246e-01 4.036582633852958679e-02 1.197935431264340878e-03
1.096191201421712474e-01 3.763078898191452026e-02 1.204848987981677055e-03
1.097314923772809564e-01 3.973608464002609253e-02 1.247940352186560631e-03
1.098438646123906792e-01 3.909426927566528320e-02 1.285308273509144783e-03
1.099562368475003882e-01 3.887604922056198120e-02 1.324683078564703465e-03
1.100686090826100971e-01 3.751269355416297913e-02 1.327864592894911766e-03
1.101809813177198200e-01 3.784843161702156067e-02 1.344315707683563232e-03
1.102933535528295428e-01 3.767552971839904785e-02 1.376475323922932148e-03
1.104057257879392517e-01 3.696539252996444702e-02 1.380649744533002377e-03
1.105180980230489607e-01 3.878431767225265503e-02 1.501829596236348152e-03
1.106304702581586696e-01 3.845217451453208923e-02 1.556400558911263943e-03
1.107428424932683925e-01 3.880175203084945679e-02 1.580638228915631771e-03
1.108552147283781153e-01 3.576825559139251709e-02 1.595885958522558212e-03
1.109675869634878242e-01 3.749065101146697998e-02 1.710253418423235416e-03
1.110799591985975332e-01 4.020908474922180176e-02 1.832486363127827644e-03
1.111923314337072421e-01 4.037049040198326111e-02 1.865005702711641788e-03
1.113047036688169650e-01 4.072257503867149353e-02 1.951282611116766930e-03
1.114170759039266878e-01 3.776675835251808167e-02 2.025609603151679039e-03
1.115294481390363968e-01 4.073635116219520569e-02 2.127076964825391769e-03
1.116418203741461057e-01 3.901143744587898254e-02 2.374084666371345520e-03
1.117541926092558285e-01 3.950382024049758911e-02 2.610509283840656281e-03
1.118665648443655375e-01 4.040508717298507690e-02 2.780218375846743584e-03
1.119789370794752603e-01 3.889929503202438354e-02 3.191117662936449051e-03
1.120913093145849693e-01 3.629080951213836670e-02 3.479616483673453331e-03
1.122036815496946782e-01 5.133906751871109009e-02 5.376137793064117432e-03
1.123160537848044011e-01 4.482469707727432251e-02 7.004069630056619644e-03
