# b'S_10_45_M'
# q I errors
5.619091019940264685e-05 0.000000000000000000e+00 0.000000000000000000e+00
1.685631453091173510e-04 0.000000000000000000e+00 0.000000000000000000e+00
2.809353804188320755e-04 0.000000000000000000e+00 0.000000000000000000e+00
3.933076155285467729e-04 0.000000000000000000e+00 0.000000000000000000e+00
5.056798506382615245e-04 0.000000000000000000e+00 0.000000000000000000e+00
6.180520857479762219e-04 0.000000000000000000e+00 0.000000000000000000e+00
7.304243208576910278e-04 0.000000000000000000e+00 0.000000000000000000e+00
8.427965559674056167e-04 0.000000000000000000e+00 0.000000000000000000e+00
9.551687910771204226e-04 0.000000000000000000e+00 0.000000000000000000e+00
1.067541026186835228e-03 0.000000000000000000e+00 0.000000000000000000e+00
1.179913261296549817e-03 3.067101669311523438e+01 7.889310717582702637e-01
1.292285496406264406e-03 3.172204399108886719e+01 1.428227573633193970e-01
1.404657731515979212e-03 3.056866073608398438e+01 7.426606118679046631e-02
1.517029966625694018e-03 2.974544334411621094e+01 5.278059840202331543e-02
1.629402201735408607e-03 2.892626190185546875e+01 4.534687101840972900e-02
1.741774436845123196e-03 2.809897422790527344e+01 4.123917594552040100e-02
1.854146671954838219e-03 2.732106399536132812e+01 3.804931789636611938e-02
1.966518907064552808e-03 2.656007766723632812e+01 3.504608199000358582e-02
2.078891142174267397e-03 2.581088256835937500e+01 3.279169648885726929e-02
2.191263377283981986e-03 2.506782341003417969e+01 3.067446686327457428e-02
2.303635612393696575e-03 2.438731575012207031e+01 2.903972566127777100e-02
2.416007847503411597e-03 2.358329963684082031e+01 2.732828818261623383e-02
2.528380082613125752e-03 2.293998527526855469e+01 2.605192549526691437e-02
2.640752317722840775e-03 2.225447463989257812e+01 2.491321600973606110e-02
2.753124552832555798e-03 2.166015243530273438e+01 2.379512228071689606e-02
2.865496787942269953e-03 2.096656227111816406e+01 2.274807915091514587e-02
2.977869023051984976e-03 2.034874153137207031e+01 2.180322445929050446e-02
3.090241258161699998e-03 1.974392318725585938e+01 2.084176801145076752e-02
3.202613493271414154e-03 1.913756942749023438e+01 1.995570026338100433e-02
3.314985728381129176e-03 1.860713386535644531e+01 1.925975270569324493e-02
3.427357963490843765e-03 1.798254776000976562e+01 1.843314059078693390e-02
3.539730198600558354e-03 1.748680877685546875e+01 1.775382086634635925e-02
3.652102433710273377e-03 1.696199989318847656e+01 1.717769913375377655e-02
3.764474668819987966e-03 1.645487022399902344e+01 1.679899357259273529e-02
3.876846903929702555e-03 1.595998477935791016e+01 1.665195263922214508e-02
3.989219139039417578e-03 1.548452281951904297e+01 1.632088422775268555e-02
4.101591374149131733e-03 1.498366165161132812e+01 1.587821729481220245e-02
4.213963609258846756e-03 1.457182407379150391e+01 1.549376733601093292e-02
4.326335844368561778e-03 1.412297725677490234e+01 1.515281200408935547e-02
4.438708079478275934e-03 1.372396659851074219e+01 1.474262401461601257e-02
4.551080314587990956e-03 1.331553173065185547e+01 1.434948202222585678e-02
4.663452549697705979e-03 1.290168285369873047e+01 1.401074044406414032e-02
4.775824784807420134e-03 1.255608272552490234e+01 1.368109509348869324e-02
4.888197019917135157e-03 1.219196796417236328e+01 1.330646872520446777e-02
5.000569255026850179e-03 1.185095310211181641e+01 1.302903797477483749e-02
5.112941490136564335e-03 1.150566864013671875e+01 1.266618259251117706e-02
5.225313725246278490e-03 1.123306179046630859e+01 1.240482460707426071e-02
5.337685960355994380e-03 1.091931915283203125e+01 1.214852463454008102e-02
5.450058195465708535e-03 1.059199047088623047e+01 1.221144571900367737e-02
5.562430430575422691e-03 1.030810928344726562e+01 1.222705375403165817e-02
5.674802665685138581e-03 1.001945590972900391e+01 1.218924485146999359e-02
5.787174900794852736e-03 9.761013984680175781e+00 1.208556257188320160e-02
5.899547135904566891e-03 9.490720748901367188e+00 1.195480395108461380e-02
6.011919371014282781e-03 9.231662750244140625e+00 1.185068581253290176e-02
6.124291606123996937e-03 8.986270904541015625e+00 1.170422323048114777e-02
6.236663841233711092e-03 8.756786346435546875e+00 1.157275866717100143e-02
6.349036076343426982e-03 8.526218414306640625e+00 1.143780816346406937e-02
6.461408311453141137e-03 8.305336952209472656e+00 1.128921844065189362e-02
6.573780546562855293e-03 8.090885162353515625e+00 1.113100722432136536e-02
6.686152781672570315e-03 7.890334129333496094e+00 1.097859907895326614e-02
6.798525016782285338e-03 7.685638427734375000e+00 1.080763619393110275e-02
6.910897251891999493e-03 7.510471343994140625e+00 1.062823366373777390e-02
7.023269487001714516e-03 7.338773727416992188e+00 1.047596335411071777e-02
7.135641722111429538e-03 7.149108409881591797e+00 1.030512060970067978e-02
7.248013957221143694e-03 6.983215808868408203e+00 9.859359823167324066e-03
7.360386192330858716e-03 6.859922885894775391e+00 9.391178376972675323e-03
7.472758427440573739e-03 6.686651706695556641e+00 9.058260358870029449e-03
7.585130662550287894e-03 6.521515846252441406e+00 8.753810077905654907e-03
7.697502897660002917e-03 6.374017715454101562e+00 8.531430736184120178e-03
7.809875132769717072e-03 6.230684280395507812e+00 8.298917673528194427e-03
7.922247367879432095e-03 6.083973884582519531e+00 8.088997565209865570e-03
8.034619602989147985e-03 5.930074691772460938e+00 7.880211807787418365e-03
8.146991838098860406e-03 5.816094875335693359e+00 7.739356253296136856e-03
8.259364073208576296e-03 5.689134597778320312e+00 7.587721105664968491e-03
8.371736308318292186e-03 5.573329925537109375e+00 7.469136267900466919e-03
8.484108543428004606e-03 5.443040847778320312e+00 7.329542189836502075e-03
8.596480778537720496e-03 5.338253498077392578e+00 7.200482301414012909e-03
8.708853013647436386e-03 5.223833084106445312e+00 7.091903593391180038e-03
8.821225248757148807e-03 5.100268363952636719e+00 6.965798325836658478e-03
8.933597483866864697e-03 4.999879360198974609e+00 6.830235943198204041e-03
9.045969718976580587e-03 4.889446258544921875e+00 6.711359601467847824e-03
9.158341954086293007e-03 4.802922725677490234e+00 6.619207095354795456e-03
9.270714189196008898e-03 4.695186614990234375e+00 6.493953522294759750e-03
9.383086424305724788e-03 4.607264041900634766e+00 6.413328927010297775e-03
9.495458659415437208e-03 4.526625633239746094e+00 6.325254216790199280e-03
9.607830894525153098e-03 4.430020332336425781e+00 6.209600251168012619e-03
9.720203129634868988e-03 4.342107295989990234e+00 6.124423816800117493e-03
9.832575364744581409e-03 4.253359317779541016e+00 6.032397970557212830e-03
9.944947599854297299e-03 4.168049812316894531e+00 5.920790135860443115e-03
1.005731983496401319e-02 4.100697994232177734e+00 5.858980584889650345e-03
1.016969207007372561e-02 4.016647338867187500e+00 5.759732332080602646e-03
1.028206430518344150e-02 3.944412231445312500e+00 5.676028784364461899e-03
1.039443654029315565e-02 3.876961946487426758e+00 5.623198579996824265e-03
1.050680877540286981e-02 3.808806419372558594e+00 5.531892646104097366e-03
1.061918101051258570e-02 3.738716363906860352e+00 5.450404714792966843e-03
1.073155324562229986e-02 3.676311969757080078e+00 5.389322526752948761e-03
1.084392548073201401e-02 3.610622882843017578e+00 5.318908952176570892e-03
1.095629771584172990e-02 3.545394182205200195e+00 5.230909213423728943e-03
1.106866995095144406e-02 3.478825330734252930e+00 5.179039668291807175e-03
1.118104218606115821e-02 3.423910379409790039e+00 5.111008882522583008e-03
1.129341442117087410e-02 3.357409477233886719e+00 5.019980482757091522e-03
1.140578665628058826e-02 3.296806573867797852e+00 4.969014786183834076e-03
1.151815889139030241e-02 3.251642227172851562e+00 4.912302363663911819e-03
1.163053112650001830e-02 3.201805114746093750e+00 4.839664790779352188e-03
1.174290336160973246e-02 3.141895055770874023e+00 4.787365440279245377e-03
1.185527559671944661e-02 3.098912954330444336e+00 4.734298214316368103e-03
1.196764783182916250e-02 3.046270847320556641e+00 4.661861807107925415e-03
1.208002006693887666e-02 2.994533538818359375e+00 4.611657466739416122e-03
1.219239230204859081e-02 2.951811313629150391e+00 4.562615416944026947e-03
1.230476453715830670e-02 2.896558046340942383e+00 4.489935468882322311e-03
1.241713677226802086e-02 2.853422164916992188e+00 4.451031796634197235e-03
1.252950900737773501e-02 2.817114830017089844e+00 4.413066897541284561e-03
1.264188124248745090e-02 2.767792224884033203e+00 4.330499097704887390e-03
1.275425347759716506e-02 2.728871583938598633e+00 4.291363991796970367e-03
1.286662571270687921e-02 2.691580295562744141e+00 4.250587429851293564e-03
1.297899794781659510e-02 2.645442008972167969e+00 4.181685857474803925e-03
1.309137018292630752e-02 2.607375860214233398e+00 4.144844133406877518e-03
1.320374241803602341e-02 2.567189216613769531e+00 4.102358128875494003e-03
1.331611465314573930e-02 2.536699771881103516e+00 4.047960042953491211e-03
1.342848688825545173e-02 2.495744228363037109e+00 4.001725930720567703e-03
1.354085912336516762e-02 2.461064577102661133e+00 3.971797879785299301e-03
1.365323135847488351e-02 2.422415971755981445e+00 3.914847504347562790e-03
1.376560359358459593e-02 2.381246566772460938e+00 3.871188266202807426e-03
1.387797582869431182e-02 2.352414369583129883e+00 3.842021804302930832e-03
1.399034806380402771e-02 2.318793773651123047e+00 3.782495390623807907e-03
1.410272029891374013e-02 2.290856122970581055e+00 3.752067685127258301e-03
1.421509253402345602e-02 2.254970312118530273e+00 3.718364052474498749e-03
1.432746476913317191e-02 2.230125188827514648e+00 3.674617502838373184e-03
1.443983700424288433e-02 2.197534084320068359e+00 3.639440052211284637e-03
1.455220923935260022e-02 2.168752431869506836e+00 3.606453305110335350e-03
1.466458147446231611e-02 2.143169164657592773e+00 3.564787562936544418e-03
1.477695370957202853e-02 2.111076831817626953e+00 3.526160726323723793e-03
1.488932594468174442e-02 2.080097913742065430e+00 3.499785671010613441e-03
1.500169817979146031e-02 2.058705806732177734e+00 3.464565612375736237e-03
1.511407041490117273e-02 2.030681133270263672e+00 3.420749213546514511e-03
1.522644265001088862e-02 2.002953767776489258e+00 3.397980472072958946e-03
1.533881488512060451e-02 1.978537559509277344e+00 3.356069093570113182e-03
1.545118712023031693e-02 1.958810806274414062e+00 3.328152932226657867e-03
1.556355935534003282e-02 1.934331893920898438e+00 3.304167184978723526e-03
1.567593159044974871e-02 1.906172513961791992e+00 3.263397840782999992e-03
1.578830382555946113e-02 1.879266262054443359e+00 3.229873254895210266e-03
1.590067606066917702e-02 1.862392306327819824e+00 3.212032141163945198e-03
1.601304829577888944e-02 1.841499924659729004e+00 3.178881714120507240e-03
1.612542053088860533e-02 1.812872290611267090e+00 3.140281885862350464e-03
1.623779276599832122e-02 1.790615439414978027e+00 3.117077285423874855e-03
1.635016500110803711e-02 1.774508953094482422e+00 3.095178399235010147e-03
1.646253723621774953e-02 1.748315572738647461e+00 3.058619564399123192e-03
1.657490947132746542e-02 1.730450391769409180e+00 3.037211950868368149e-03
1.668728170643717784e-02 1.707979321479797363e+00 3.005854319781064987e-03
1.679965394154689373e-02 1.686135172843933105e+00 2.970938570797443390e-03
1.691202617665660962e-02 1.669293284416198730e+00 2.954785712063312531e-03
1.702439841176632551e-02 1.651328086853027344e+00 2.929248614236712456e-03
1.713677064687603793e-02 1.634916782379150391e+00 2.904895460233092308e-03
1.724914288198575382e-02 1.614831328392028809e+00 2.873367629945278168e-03
1.736151511709546624e-02 1.592263340950012207e+00 2.850084798410534859e-03
1.747388735220518213e-02 1.575750470161437988e+00 2.826509065926074982e-03
1.758625958731489802e-02 1.558781623840332031e+00 2.802240429446101189e-03
1.769863182242461391e-02 1.539202690124511719e+00 2.780426060780882835e-03
1.781100405753432633e-02 1.528584122657775879e+00 2.759456634521484375e-03
1.792337629264404222e-02 1.509756803512573242e+00 2.732667373493313789e-03
1.803574852775375464e-02 1.494955182075500488e+00 2.714950125664472580e-03
1.814812076286347053e-02 1.472220778465270996e+00 2.682924037799239159e-03
1.826049299797318642e-02 1.462160587310791016e+00 2.668727654963731766e-03
1.837286523308290231e-02 1.445121288299560547e+00 2.647786634042859077e-03
1.848523746819261473e-02 1.428350090980529785e+00 2.622587606310844421e-03
1.859760970330233062e-02 1.415453195571899414e+00 2.604253357276320457e-03
1.870998193841204305e-02 1.400685191154479980e+00 2.585880458354949951e-03
1.882235417352175894e-02 1.383818149566650391e+00 2.559443935751914978e-03
1.893472640863147483e-02 1.373179197311401367e+00 2.545605646446347237e-03
1.904709864374119072e-02 1.360997438430786133e+00 2.529807155951857567e-03
1.915947087885090314e-02 1.347709298133850098e+00 2.506042132154107094e-03
1.927184311396061903e-02 1.342939853668212891e+00 2.500475151464343071e-03
1.938421534907033145e-02 1.331304669380187988e+00 2.537443768233060837e-03
1.949658758418004734e-02 1.311625719070434570e+00 2.553112339228391647e-03
1.960895981928976323e-02 1.302558183670043945e+00 2.575660124421119690e-03
1.972133205439947912e-02 1.282007932662963867e+00 2.567155286669731140e-03
1.983370428950919154e-02 1.268464803695678711e+00 2.554113510996103287e-03
1.994607652461890743e-02 1.262293457984924316e+00 2.555951941758394241e-03
2.005844875972861985e-02 1.244766354560852051e+00 2.538956701755523682e-03
2.017082099483833574e-02 1.238583326339721680e+00 2.531335456296801567e-03
2.028319322994805163e-02 1.222966670989990234e+00 2.522129332646727562e-03
2.039556546505776405e-02 1.215110898017883301e+00 2.513163955882191658e-03
2.050793770016747994e-02 1.199300050735473633e+00 2.493611536920070648e-03
2.062030993527719236e-02 1.190213322639465332e+00 2.485575852915644646e-03
2.073268217038690825e-02 1.178084969520568848e+00 2.471645362675189972e-03
2.084505440549662414e-02 1.165585517883300781e+00 2.456161193549633026e-03
2.095742664060634003e-02 1.153643488883972168e+00 2.448051236569881439e-03
2.106979887571605245e-02 1.147615790367126465e+00 2.439024159684777260e-03
2.118217111082576834e-02 1.145331144332885742e+00 2.393793547526001930e-03
2.129454334593548076e-02 1.136641144752502441e+00 2.333459211513400078e-03
2.140691558104519665e-02 1.121082425117492676e+00 2.288257936015725136e-03
2.151928781615491254e-02 1.106639146804809570e+00 2.246563322842121124e-03
2.163166005126462843e-02 1.099567055702209473e+00 2.232898026704788208e-03
2.174403228637434085e-02 1.090069770812988281e+00 2.215031301602721214e-03
2.185640452148405674e-02 1.076660156250000000e+00 2.183777512982487679e-03
2.196877675659376916e-02 1.063849925994873047e+00 2.168521750718355179e-03
2.208114899170348505e-02 1.053457498550415039e+00 2.151884138584136963e-03
2.219352122681320094e-02 1.048246622085571289e+00 2.132063033059239388e-03
2.230589346192291683e-02 1.039300799369812012e+00 2.120059216395020485e-03
2.241826569703262925e-02 1.028829574584960938e+00 2.106290077790617943e-03
2.253063793214234514e-02 1.026008605957031250e+00 2.092934679239988327e-03
2.264301016725205756e-02 1.010701417922973633e+00 2.070685615763068199e-03
2.275538240236177345e-02 1.005433559417724609e+00 2.062475075945258141e-03
2.286775463747148934e-02 9.950693845748901367e-01 2.040489809587597847e-03
2.298012687258120523e-02 9.888388514518737793e-01 2.031525364145636559e-03
2.309249910769091765e-02 9.777448177337646484e-01 2.017225371673703194e-03
2.320487134280063354e-02 9.712995886802673340e-01 1.998329302296042442e-03
2.331724357791034596e-02 9.681155681610107422e-01 1.991268945857882500e-03
2.342961581302006185e-02 9.526374340057373047e-01 1.973319798707962036e-03
2.354198804812977774e-02 9.469820857048034668e-01 1.957681728526949883e-03
2.365436028323949363e-02 9.358311295509338379e-01 1.941408379934728146e-03
2.376673251834920605e-02 9.336539506912231445e-01 1.937501947395503521e-03
2.387910475345892194e-02 9.264345765113830566e-01 1.923611853271722794e-03
2.399147698856863437e-02 9.176973700523376465e-01 1.908163190819323063e-03
2.410384922367835026e-02 9.102298617362976074e-01 1.900262548588216305e-03
2.421622145878806615e-02 9.045587182044982910e-01 1.886176411062479019e-03
2.432859369389778204e-02 8.971616029739379883e-01 1.870974549092352390e-03
2.444096592900749446e-02 8.872327804565429688e-01 1.861918019130825996e-03
2.455333816411721035e-02 8.776277303695678711e-01 1.845213002525269985e-03
2.466571039922692277e-02 8.722867369651794434e-01 1.833425252698361874e-03
2.477808263433663866e-02 8.644052147865295410e-01 1.823217142373323441e-03
2.489045486944635455e-02 8.559237718582153320e-01 1.806388958357274532e-03
2.500282710455607044e-02 8.541337251663208008e-01 1.799296587705612183e-03
2.511519933966578286e-02 8.480398654937744141e-01 1.792586524970829487e-03
2.522757157477549875e-02 8.443676233291625977e-01 1.784912776201963425e-03
2.533994380988521117e-02 8.335096836090087891e-01 1.766433939337730408e-03
2.545231604499492706e-02 8.306877017021179199e-01 1.763636246323585510e-03
2.556468828010464295e-02 8.244171738624572754e-01 1.751019502989947796e-03
2.567706051521435884e-02 8.203861117362976074e-01 1.742178224958479404e-03
2.578943275032407126e-02 8.094014525413513184e-01 1.727812923491001129e-03
2.590180498543378368e-02 8.067294955253601074e-01 1.721324282698333263e-03
2.601417722054349957e-02 8.002102375030517578e-01 1.708657830022275448e-03
2.612654945565321546e-02 7.947543859481811523e-01 1.700127497315406799e-03
2.623892169076293135e-02 7.861078381538391113e-01 1.687522279098629951e-03
2.635129392587264377e-02 7.822023034095764160e-01 1.677911612205207348e-03
2.646366616098235966e-02 7.749412655830383301e-01 1.666588825173676014e-03
2.657603839609207208e-02 7.717144489288330078e-01 1.663943869061768055e-03
2.668841063120178797e-02 7.646073698997497559e-01 1.648277160711586475e-03
2.680078286631150386e-02 7.593895792961120605e-01 1.639344962313771248e-03
2.691315510142121975e-02 7.562574744224548340e-01 1.635386259295046329e-03
2.702552733653093217e-02 7.463341951370239258e-01 1.618372742086648941e-03
2.713789957164064806e-02 7.413225173950195312e-01 1.611351035535335541e-03
2.725027180675036048e-02 7.405473589897155762e-01 1.608118065632879734e-03
2.736264404186007637e-02 7.324092984199523926e-01 1.593524822965264320e-03
2.747501627696979226e-02 7.266054749488830566e-01 1.583816017955541611e-03
2.758738851207950815e-02 7.202123403549194336e-01 1.575950300320982933e-03
2.769976074718922057e-02 7.187458276748657227e-01 1.569290994666516781e-03
2.781213298229893646e-02 7.133960723876953125e-01 1.561562879942357540e-03
2.792450521740864888e-02 7.079604268074035645e-01 1.554690417833626270e-03
2.803687745251836477e-02 7.043508887290954590e-01 1.545511651784181595e-03
2.814924968762808066e-02 6.991676092147827148e-01 1.537401461973786354e-03
2.826162192273779655e-02 6.958618760108947754e-01 1.531699090264737606e-03
2.837399415784750897e-02 6.895869374275207520e-01 1.518028089776635170e-03
2.848636639295722486e-02 6.857287287712097168e-01 1.515335636213421822e-03
2.859873862806693728e-02 6.790651082992553711e-01 1.504105050116777420e-03
2.871111086317665317e-02 6.740098595619201660e-01 1.493654795922338963e-03
2.882348309828636906e-02 6.737932562828063965e-01 1.493559684604406357e-03
2.893585533339608495e-02 6.676073074340820312e-01 1.482198014855384827e-03
2.904822756850579737e-02 6.603409647941589355e-01 1.470387447625398636e-03
2.916059980361551326e-02 6.560810208320617676e-01 1.465948764234781265e-03
2.927297203872522569e-02 6.526911258697509766e-01 1.458684331737458706e-03
2.938534427383494158e-02 6.504663228988647461e-01 1.451716525480151176e-03
2.949771650894465747e-02 6.459526419639587402e-01 1.446489477530121803e-03
2.961008874405437336e-02 6.414955854415893555e-01 1.437988365069031715e-03
2.972246097916408578e-02 6.366403102874755859e-01 1.427328097634017467e-03
2.983483321427380167e-02 6.303948760032653809e-01 1.421458320692181587e-03
2.994720544938351409e-02 6.265972256660461426e-01 1.414090627804398537e-03
3.005957768449322998e-02 6.228913068771362305e-01 1.404611277393996716e-03
3.017194991960294587e-02 6.210036277770996094e-01 1.402652007527649403e-03
3.028432215471266176e-02 6.161805987358093262e-01 1.393820508383214474e-03
3.039669438982237418e-02 6.120720505714416504e-01 1.385607174597680569e-03
3.050906662493209007e-02 6.071423292160034180e-01 1.379321678541600704e-03
3.062143886004180249e-02 6.033356785774230957e-01 1.372430124320089817e-03
3.073381109515151838e-02 6.018665432929992676e-01 1.367068616673350334e-03
3.084618333026123427e-02 5.974392294883728027e-01 1.361398724839091301e-03
3.095855556537095016e-02 5.935657024383544922e-01 1.355105545371770859e-03
3.107092780048066258e-02 5.898802876472473145e-01 1.344516640529036522e-03
3.118330003559037847e-02 5.874145030975341797e-01 1.342333387583494186e-03
3.129567227070009783e-02 5.822287201881408691e-01 1.335390028543770313e-03
3.140804450580980678e-02 5.788854956626892090e-01 1.326015451923012733e-03
3.152041674091951573e-02 5.769000053405761719e-01 1.323626027442514896e-03
3.163278897602923856e-02 5.742596983909606934e-01 1.318245893344283104e-03
3.174516121113894751e-02 5.699767470359802246e-01 1.309249666519463062e-03
3.185753344624867034e-02 5.668913125991821289e-01 1.305195852182805538e-03
3.196990568135837929e-02 5.641838908195495605e-01 1.323824981227517128e-03
3.208227791646809518e-02 5.609678030014038086e-01 1.334698987193405628e-03
3.219465015157781107e-02 5.556728839874267578e-01 1.337200053967535496e-03
3.230702238668752002e-02 5.530975461006164551e-01 1.338828471489250660e-03
3.241939462179724285e-02 5.477676987648010254e-01 1.331948908045887947e-03
3.253176685690695180e-02 5.460146665573120117e-01 1.332298619672656059e-03
3.264413909201667463e-02 5.428503751754760742e-01 1.331808045506477356e-03
3.275651132712638358e-02 5.386444926261901855e-01 1.326067838817834854e-03
3.286888356223609253e-02 5.374515056610107422e-01 1.326578552834689617e-03
3.298125579734581536e-02 5.328773856163024902e-01 1.322188181802630424e-03
3.309362803245552431e-02 5.312141180038452148e-01 1.319551491178572178e-03
3.320600026756524714e-02 5.263786315917968750e-01 1.313342479988932610e-03
3.331837250267495609e-02 5.247183442115783691e-01 1.314051100052893162e-03
3.343074473778467198e-02 5.221294164657592773e-01 1.309900777414441109e-03
3.354311697289438787e-02 5.168613195419311523e-01 1.302136457525193691e-03
3.365548920800409682e-02 5.154644846916198730e-01 1.303690485656261444e-03
3.376786144311381965e-02 5.143420100212097168e-01 1.285451231524348259e-03
3.388023367822352860e-02 5.143045783042907715e-01 1.260365475900471210e-03
3.399260591333325143e-02 5.086352229118347168e-01 1.244812039658427238e-03
3.410497814844296038e-02 5.045844316482543945e-01 1.233143615536391735e-03
3.421735038355266934e-02 5.015795826911926270e-01 1.223483937792479992e-03
3.432972261866239216e-02 4.970830082893371582e-01 1.216872478835284710e-03
3.444209485377210112e-02 4.945645630359649658e-01 1.207945751957595348e-03
3.455446708888182394e-02 4.913455843925476074e-01 1.200862345285713673e-03
3.466683932399153290e-02 4.884855449199676514e-01 1.196516212075948715e-03
3.477921155910124185e-02 4.850974678993225098e-01 1.188021968118846416e-03
3.489158379421096468e-02 4.830286502838134766e-01 1.181937637738883495e-03
3.500395602932067363e-02 4.825285375118255615e-01 1.180574181489646435e-03
3.511632826443039646e-02 4.779725968837738037e-01 1.170299830846488476e-03
3.522870049954010541e-02 4.754360020160675049e-01 1.163928769528865814e-03
3.534107273464982130e-02 4.728245437145233154e-01 1.160160405561327934e-03
3.545344496975953719e-02 4.693195521831512451e-01 1.152482465840876102e-03
3.556581720486924614e-02 4.683471620082855225e-01 1.148200593888759613e-03
3.567818943997896897e-02 4.667266905307769775e-01 1.144159468822181225e-03
3.579056167508867792e-02 4.615353643894195557e-01 1.137082814238965511e-03
3.590293391019840075e-02 4.610587358474731445e-01 1.132912933826446533e-03
3.601530614530810970e-02 4.581519961357116699e-01 1.127685420215129852e-03
3.612767838041781865e-02 4.550730884075164795e-01 1.123029971495270729e-03
3.624005061552754148e-02 4.536806344985961914e-01 1.118800020776689053e-03
3.635242285063725043e-02 4.513607323169708252e-01 1.120845088735222816e-03
3.646479508574697326e-02 4.481243491172790527e-01 1.135965459980070591e-03
3.657716732085668221e-02 4.473250806331634521e-01 1.143738045357167721e-03
3.668953955596639810e-02 4.444051384925842285e-01 1.143589965067803860e-03
3.680191179107611399e-02 4.375157356262207031e-01 1.136802602559328079e-03
3.691428402618582294e-02 4.404521882534027100e-01 1.141638262197375298e-03
3.702665626129554577e-02 4.343595504760742188e-01 1.135333674028515816e-03
3.713902849640525472e-02 4.334115087985992432e-01 1.135474652983248234e-03
3.725140073151497755e-02 4.300779104232788086e-01 1.131516299210488796e-03
3.736377296662468650e-02 4.285953640937805176e-01 1.131023047491908073e-03
3.747614520173439545e-02 4.267847836017608643e-01 1.129873329773545265e-03
3.758851743684411828e-02 4.228456616401672363e-01 1.123230205848813057e-03
3.770088967195382723e-02 4.220702350139617920e-01 1.123603316955268383e-03
3.781326190706355006e-02 4.200725257396697998e-01 1.121265813708305359e-03
3.792563414217325901e-02 4.174042046070098877e-01 1.116920495405793190e-03
3.803800637728297490e-02 4.152911901473999023e-01 1.116492669098079205e-03
3.815037861239269079e-02 4.137463271617889404e-01 1.112982514314353466e-03
3.826275084750239974e-02 4.106989502906799316e-01 1.108855009078979492e-03
3.837512308261212257e-02 4.078274965286254883e-01 1.106403185985982418e-03
3.848749531772183152e-02 4.061666131019592285e-01 1.104417722672224045e-03
3.859986755283155435e-02 4.029978513717651367e-01 1.098308945074677467e-03
3.871223978794126330e-02 4.027896523475646973e-01 1.099432120099663734e-03
3.882461202305097225e-02 3.991800248622894287e-01 1.093679806217551231e-03
3.893698425816069508e-02 3.983590900897979736e-01 1.090383157134056091e-03
3.904935649327040403e-02 3.967594206333160400e-01 1.090864418074488640e-03
3.916172872838012686e-02 3.936782181262969971e-01 1.085810479708015919e-03
3.927410096348983581e-02 3.920359015464782715e-01 1.082133268937468529e-03
3.938647319859955170e-02 3.918080925941467285e-01 1.083012204617261887e-03
3.949884543370926759e-02 3.870808482170104980e-01 1.077177934348583221e-03
3.961121766881897654e-02 3.853959441184997559e-01 1.071640290319919586e-03
3.972358990392869937e-02 3.837931156158447266e-01 1.070516649633646011e-03
3.983596213903840833e-02 3.816143572330474854e-01 1.066966797225177288e-03
3.994833437414813115e-02 3.819772899150848389e-01 1.067065517418086529e-03
4.006070660925784011e-02 3.780394792556762695e-01 1.061434159055352211e-03
4.017307884436754906e-02 3.768705725669860840e-01 1.060104346834123135e-03
4.028545107947727189e-02 3.722808361053466797e-01 1.050371793098747730e-03
4.039782331458698084e-02 3.713160157203674316e-01 1.050604972988367081e-03
4.051019554969670367e-02 3.687727749347686768e-01 1.047786441631615162e-03
4.062256778480641262e-02 3.668909072875976562e-01 1.043290947563946247e-03
4.073494001991612157e-02 3.672388792037963867e-01 1.044943812303245068e-03
4.084731225502584440e-02 3.638809025287628174e-01 1.039440627209842205e-03
4.095968449013555335e-02 3.615108430385589600e-01 1.033631735481321812e-03
4.107205672524527618e-02 3.585960566997528076e-01 1.030509825795888901e-03
4.118442896035498513e-02 3.582409322261810303e-01 1.030792831443250179e-03
4.129680119546470102e-02 3.561827242374420166e-01 1.025430974550545216e-03
4.140917343057441691e-02 3.554655015468597412e-01 1.024580327793955803e-03
4.152154566568412586e-02 3.525153696537017822e-01 1.020921394228935242e-03
4.163391790079384869e-02 3.524959683418273926e-01 1.018423819914460182e-03
4.174629013590355764e-02 3.503304719924926758e-01 1.015821355395019054e-03
4.185866237101328047e-02 3.479050397872924805e-01 1.013273024000227451e-03
4.197103460612298942e-02 3.475200831890106201e-01 1.009734114632010460e-03
4.208340684123269837e-02 3.434534966945648193e-01 1.003845827654004097e-03
4.219577907634242120e-02 3.439384400844573975e-01 1.006106031127274036e-03
4.230815131145213015e-02 3.409990370273590088e-01 9.982484625652432442e-04
4.242052354656185298e-02 3.387439250946044922e-01 9.950693929567933083e-04
4.253289578167156193e-02 3.377986252307891846e-01 9.951998945325613022e-04
4.264526801678127782e-02 3.359483182430267334e-01 9.907359490171074867e-04
4.275764025189099371e-02 3.325085639953613281e-01 9.836722165346145630e-04
4.287001248700070266e-02 3.344638943672180176e-01 9.887833148241043091e-04
4.298238472211042549e-02 3.299462497234344482e-01 9.802303975448012352e-04
4.309475695722013444e-02 3.302470147609710693e-01 9.797139791771769524e-04
4.320712919232985727e-02 3.271714448928833008e-01 9.765821741893887520e-04
4.331950142743956622e-02 3.275035917758941650e-01 9.746756404638290405e-04
4.343187366254927517e-02 3.246557414531707764e-01 9.699202491901814938e-04
4.354424589765899800e-02 3.236830532550811768e-01 9.699223446659743786e-04
4.365661813276870695e-02 3.209569454193115234e-01 9.642900549806654453e-04
4.376899036787842978e-02 3.194560408592224121e-01 9.611236164346337318e-04
4.388136260298813873e-02 3.184602558612823486e-01 9.607736137695610523e-04
4.399373483809785462e-02 3.170897364616394043e-01 9.569585090503096581e-04
4.410610707320757051e-02 3.141968250274658203e-01 9.520613239146769047e-04
4.421847930831727946e-02 3.128155469894409180e-01 9.500717278569936752e-04
4.433085154342700229e-02 3.123162388801574707e-01 9.478630963712930679e-04
4.444322377853671124e-02 3.099763691425323486e-01 9.434623643755912781e-04
4.455559601364643407e-02 3.092887401580810547e-01 9.427554905414581299e-04
4.466796824875614302e-02 3.081097602844238281e-01 9.386047022417187691e-04
4.478034048386585197e-02 3.063892424106597900e-01 9.359807008877396584e-04
4.489271271897557480e-02 3.039586246013641357e-01 9.328460437245666981e-04
4.500508495408528375e-02 3.043366372585296631e-01 9.331809706054627895e-04
4.511745718919500658e-02 3.029626905918121338e-01 9.297481155954301357e-04
4.522982942430471553e-02 3.008251786231994629e-01 9.260202059522271156e-04
4.534220165941443142e-02 2.978984713554382324e-01 9.211792494170367718e-04
4.545457389452414732e-02 2.960880398750305176e-01 9.182658395729959011e-04
4.556694612963385627e-02 2.968800961971282959e-01 9.186867973767220974e-04
4.567931836474357910e-02 2.952640354633331299e-01 9.164647199213504791e-04
4.579169059985328805e-02 2.956974804401397705e-01 9.148777462542057037e-04
4.590406283496301088e-02 2.955806553363800049e-01 9.300169185735285282e-04
4.601643507007271983e-02 2.921297252178192139e-01 9.426479809917509556e-04
4.612880730518242878e-02 2.905478477478027344e-01 9.490587981417775154e-04
4.624117954029215161e-02 2.894835472106933594e-01 9.547559311613440514e-04
4.635355177540186056e-02 2.873693406581878662e-01 9.535395074635744095e-04
4.646592401051158339e-02 2.883083522319793701e-01 9.460257715545594692e-04
4.657829624562129234e-02 2.858840823173522949e-01 9.281240636482834816e-04
4.669066848073100129e-02 2.861691117286682129e-01 9.226783877238631248e-04
4.680304071584072412e-02 2.823086082935333252e-01 9.140702313743531704e-04
4.691541295095043307e-02 2.820774614810943604e-01 9.154957951977849007e-04
4.702778518606015590e-02 2.798427045345306396e-01 9.104911005124449730e-04
4.714015742116986485e-02 2.784326672554016113e-01 9.054294787347316742e-04
4.725252965627958074e-02 2.788155972957611084e-01 9.059381554834544659e-04
4.736490189138929663e-02 2.763552665710449219e-01 8.993986994028091431e-04
4.747727412649900558e-02 2.748628258705139160e-01 8.950284682214260101e-04
4.758964636160872841e-02 2.734464704990386963e-01 8.937001693993806839e-04
4.770201859671843736e-02 2.713615894317626953e-01 8.879311499185860157e-04
4.781439083182816019e-02 2.712170481681823730e-01 8.851984748616814613e-04
4.792676306693786914e-02 2.689304351806640625e-01 8.829989237710833549e-04
4.803913530204757809e-02 2.680698037147521973e-01 8.783088997006416321e-04
4.815150753715730092e-02 2.674641907215118408e-01 8.764106896705925465e-04
4.826387977226700987e-02 2.659527957439422607e-01 8.736134041100740433e-04
4.837625200737673270e-02 2.641659379005432129e-01 8.699707104824483395e-04
4.848862424248644165e-02 2.637985944747924805e-01 8.675507851876318455e-04
4.860099647759615754e-02 2.621254026889801025e-01 8.651927928440272808e-04
4.871336871270587343e-02 2.610516846179962158e-01 8.619127329438924789e-04
4.882574094781558238e-02 2.608456611633300781e-01 8.592393132857978344e-04
4.893811318292530521e-02 2.590804696083068848e-01 8.575165993534028530e-04
4.905048541803501416e-02 2.582822740077972412e-01 8.554903324693441391e-04
4.916285765314473699e-02 2.561893463134765625e-01 8.499460527673363686e-04
4.927522988825444594e-02 2.538528442382812500e-01 8.465661667287349701e-04
4.938760212336415489e-02 2.538467049598693848e-01 8.457376970909535885e-04
4.949997435847387772e-02 2.539932429790496826e-01 8.445137063972651958e-04
4.961234659358358667e-02 2.522568404674530029e-01 8.416500058956444263e-04
4.972471882869330950e-02 2.511685490608215332e-01 8.397065103054046631e-04
4.983709106380301845e-02 2.490522861480712891e-01 8.333324803970754147e-04
4.994946329891273434e-02 2.473687678575515747e-01 8.296563173644244671e-04
5.006183553402245023e-02 2.465796917676925659e-01 8.275522850453853607e-04
5.017420776913215918e-02 2.468655556440353394e-01 8.253849227912724018e-04
5.028658000424188201e-02 2.439819276332855225e-01 8.195218397304415703e-04
5.039895223935159096e-02 2.415367811918258667e-01 8.147853077389299870e-04
5.051132447446131379e-02 2.434924095869064331e-01 8.156727999448776245e-04
5.062369670957102274e-02 2.424838244915008545e-01 8.152877562679350376e-04
5.073606894468073170e-02 2.398459315299987793e-01 8.125173044390976429e-04
5.084844117979045452e-02 2.391648441553115845e-01 8.103267173282802105e-04
5.096081341490016348e-02 2.380544990301132202e-01 8.094594231806695461e-04
5.107318565000988630e-02 2.378808557987213135e-01 8.101192652247846127e-04
5.118555788511959526e-02 2.367361038923263550e-01 8.063879795372486115e-04
5.129793012022931115e-02 2.355532348155975342e-01 8.049597963690757751e-04
5.141030235533902704e-02 2.329337298870086670e-01 8.007205324247479439e-04
5.152267459044873599e-02 2.328855246305465698e-01 7.982319802977144718e-04
5.163504682555845882e-02 2.302857041358947754e-01 7.934127934277057648e-04
5.174741906066816777e-02 2.311879843473434448e-01 7.950757280923426151e-04
5.185979129577788366e-02 2.305432111024856567e-01 7.928190170787274837e-04
5.197216353088759955e-02 2.290295660495758057e-01 7.893241709098219872e-04
5.208453576599730850e-02 2.277943193912506104e-01 7.877357420511543751e-04
5.219690800110703133e-02 2.272706031799316406e-01 7.855104049667716026e-04
5.230928023621674028e-02 2.261966317892074585e-01 7.825166103430092335e-04
5.242165247132646311e-02 2.241849899291992188e-01 7.801025640219449997e-04
5.253402470643617206e-02 2.234588265419006348e-01 7.774233235977590084e-04
5.264639694154588101e-02 2.220628708600997925e-01 7.741050212644040585e-04
5.275876917665560384e-02 2.224570959806442261e-01 7.756452541798353195e-04
5.287114141176531279e-02 2.222479581832885742e-01 7.743462920188903809e-04
5.298351364687503562e-02 2.210744172334671021e-01 7.718247361481189728e-04
5.309588588198474457e-02 2.184621095657348633e-01 7.672331994399428368e-04
5.320825811709446046e-02 2.182680368423461914e-01 7.656460511498153210e-04
5.332063035220417635e-02 2.182304561138153076e-01 7.643082062713801861e-04
5.343300258731388530e-02 2.160481512546539307e-01 7.613007328473031521e-04
5.354537482242360813e-02 2.152546644210815430e-01 7.589503074996173382e-04
5.365774705753331708e-02 2.132726609706878662e-01 7.542182574979960918e-04
5.377011929264303991e-02 2.128689289093017578e-01 7.538442732766270638e-04
5.388249152775274886e-02 2.115626633167266846e-01 7.505618850700557232e-04
5.399486376286245781e-02 2.119580060243606567e-01 7.501893560402095318e-04
5.410723599797218064e-02 2.111808061599731445e-01 7.492063450627028942e-04
5.421960823308188959e-02 2.094466835260391235e-01 7.456373423337936401e-04
5.433198046819161242e-02 2.087538540363311768e-01 7.430902332998812199e-04
5.444435270330132137e-02 2.084439843893051147e-01 7.427374366670846939e-04
5.455672493841103726e-02 2.081473171710968018e-01 7.420640904456377029e-04
5.466909717352075315e-02 2.076204270124435425e-01 7.402871269732713699e-04
5.478146940863046210e-02 2.053464055061340332e-01 7.352434913627803326e-04
5.489384164374018493e-02 2.033282667398452759e-01 7.321048178710043430e-04
5.500621387884989388e-02 2.040553092956542969e-01 7.323059835471212864e-04
5.511858611395961671e-02 2.037903964519500732e-01 7.323956233449280262e-04
5.523095834906932566e-02 2.021249085664749146e-01 7.289993227459490299e-04
5.534333058417903461e-02 2.001489847898483276e-01 7.241351413540542126e-04
5.545570281928875744e-02 1.997994035482406616e-01 7.230294286273419857e-04
5.556807505439846639e-02 1.996918320655822754e-01 7.229555048979818821e-04
5.568044728950818922e-02 1.986108273267745972e-01 7.204168941825628281e-04
5.579281952461789817e-02 1.971755176782608032e-01 7.176657672971487045e-04
5.590519175972761406e-02 1.963507086038589478e-01 7.158420630730688572e-04
5.601756399483732995e-02 1.960784494876861572e-01 7.131821475923061371e-04
5.612993622994703891e-02 1.943019926548004150e-01 7.091070292517542839e-04
5.624230846505676173e-02 1.941365301609039307e-01 7.085530087351799011e-04
5.635468070016647069e-02 1.927544623613357544e-01 7.039200281724333763e-04
5.646705293527619351e-02 1.912268549203872681e-01 7.014124421402812004e-04
5.657942517038590247e-02 1.916114836931228638e-01 7.008414249867200851e-04
5.669179740549561142e-02 1.909664571285247803e-01 7.001344929449260235e-04
5.680416964060533425e-02 1.904575228691101074e-01 6.996322190389037132e-04
5.691654187571504320e-02 1.884706020355224609e-01 6.948608788661658764e-04
5.702891411082476603e-02 1.882002353668212891e-01 6.944838678464293480e-04
5.714128634593447498e-02 1.874741315841674805e-01 6.936606368981301785e-04
5.725365858104419087e-02 1.865324974060058594e-01 6.917071295902132988e-04
5.736603081615390676e-02 1.866170614957809448e-01 6.924387998878955841e-04
5.747840305126361571e-02 1.847604364156723022e-01 6.889913929626345634e-04
5.759077528637333854e-02 1.859233081340789795e-01 6.911020027473568916e-04
5.770314752148304749e-02 1.828380227088928223e-01 6.836198153905570507e-04
5.781551975659276338e-02 1.826299130916595459e-01 6.844234885647892952e-04
5.792789199170247927e-02 1.824567764997482300e-01 6.822733557783067226e-04
5.804026422681218822e-02 1.827345192432403564e-01 6.820587441325187683e-04
5.815263646192191105e-02 1.813107132911682129e-01 6.795173976570367813e-04
5.826500869703162000e-02 1.812696456909179688e-01 6.787402089685201645e-04
5.837738093214134283e-02 1.817280203104019165e-01 6.790222250856459141e-04
5.848975316725105178e-02 1.794215291738510132e-01 6.864229217171669006e-04
5.860212540236076073e-02 1.795873790979385376e-01 6.969638052396476269e-04
5.871449763747048356e-02 1.787732094526290894e-01 6.980146863497793674e-04
5.882686987258019251e-02 1.780316233634948730e-01 6.989953108131885529e-04
5.893924210768991534e-02 1.760452091693878174e-01 6.971267866902053356e-04
5.905161434279962429e-02 1.760732531547546387e-01 6.984095089137554169e-04
5.916398657790934018e-02 1.747446209192276001e-01 6.990959518589079380e-04
5.927635881301905607e-02 1.733204722404479980e-01 6.967629888094961643e-04
5.938873104812876502e-02 1.738601475954055786e-01 6.985809886828064919e-04
5.950110328323848785e-02 1.708634644746780396e-01 6.945264758542180061e-04
5.961347551834819680e-02 1.720616072416305542e-01 6.986263906583189964e-04
5.972584775345791963e-02 1.710675805807113647e-01 6.968654925003647804e-04
5.983821998856762858e-02 1.695196181535720825e-01 6.965043139643967152e-04
5.995059222367733753e-02 1.699682325124740601e-01 6.984405335970222950e-04
6.006296445878706036e-02 1.696413755416870117e-01 6.978391902521252632e-04
6.017533669389676931e-02 1.681652665138244629e-01 6.963448249734938145e-04
6.028770892900649214e-02 1.671647578477859497e-01 6.948134396225214005e-04
6.040008116411620109e-02 1.666618734598159790e-01 6.945084314793348312e-04
6.051245339922591698e-02 1.668264567852020264e-01 6.957642617635428905e-04
6.062482563433563287e-02 1.655170619487762451e-01 6.951623363420367241e-04
6.073719786944534182e-02 1.655858010053634644e-01 6.955753196962177753e-04
6.084957010455506465e-02 1.646747887134552002e-01 6.949420785531401634e-04
6.096194233966477360e-02 1.631152927875518799e-01 6.925718626007437706e-04
6.107431457477449643e-02 1.633208245038986206e-01 6.927880458533763885e-04
6.118668680988420538e-02 1.615020781755447388e-01 6.901198066771030426e-04
6.129905904499391434e-02 1.618693619966506958e-01 6.931741954758763313e-04
6.141143128010363716e-02 1.606157571077346802e-01 6.915379781275987625e-04
6.152380351521334612e-02 1.601727157831192017e-01 6.902349414303898811e-04
6.163617575032306894e-02 1.588689833879470825e-01 6.890422664582729340e-04
6.174854798543277790e-02 1.591825485229492188e-01 6.887789350003004074e-04
6.186092022054249379e-02 1.595332324504852295e-01 6.904070032760500908e-04
6.197329245565220968e-02 1.584751456975936890e-01 6.893133395351469517e-04
6.208566469076191863e-02 1.571661978960037231e-01 6.869297940284013748e-04
6.219803692587164146e-02 1.584032624959945679e-01 6.900161388330161572e-04
6.231040916098135041e-02 1.560126096010208130e-01 6.861998117528855801e-04
6.242278139609107324e-02 1.559690982103347778e-01 6.864769384264945984e-04
6.253515363120078219e-02 1.556173563003540039e-01 6.860216963104903698e-04
6.264752586631050502e-02 1.546919345855712891e-01 6.854269886389374733e-04
6.275989810142021397e-02 1.533437222242355347e-01 6.827712641097605228e-04
6.287227033652992292e-02 1.542153656482696533e-01 6.846517208032310009e-04
6.298464257163963187e-02 1.531172692775726318e-01 6.835626554675400257e-04
6.309701480674935470e-02 1.510581076145172119e-01 6.787739694118499756e-04
6.320938704185907753e-02 1.517786532640457153e-01 6.817600806243717670e-04
6.332175927696878648e-02 1.511611342430114746e-01 6.807585014030337334e-04
6.343413151207849543e-02 1.499237716197967529e-01 6.787311285734176636e-04
6.354650374718820438e-02 1.490036398172378540e-01 6.764108547940850258e-04
6.365887598229792721e-02 1.476238816976547241e-01 6.734379567205905914e-04
6.377124821740765004e-02 1.494853347539901733e-01 6.783372373320162296e-04
6.388362045251735899e-02 1.491733938455581665e-01 6.777794915251433849e-04
6.399599268762706794e-02 1.481891572475433350e-01 6.773614441044628620e-04
6.410836492273679077e-02 1.468998640775680542e-01 6.734152557328343391e-04
6.422073715784649972e-02 1.471576541662216187e-01 6.746022263541817665e-04
6.433310939295622255e-02 1.458869576454162598e-01 6.733363843522965908e-04
6.444548162806593150e-02 1.463865786790847778e-01 6.739266682416200638e-04
6.455785386317564045e-02 1.455988734960556030e-01 6.725066923536360264e-04
6.467022609828536328e-02 1.443783193826675415e-01 6.699398509226739407e-04
6.478259833339507223e-02 1.436735838651657104e-01 6.695492193102836609e-04
6.489497056850479506e-02 1.428576856851577759e-01 6.684949039481580257e-04
6.500734280361450401e-02 1.418609768152236938e-01 6.650699069723486900e-04
6.511971503872421296e-02 1.420189142227172852e-01 6.672705640085041523e-04
6.523208727383393579e-02 1.423273384571075439e-01 6.676623597741127014e-04
6.534445950894365862e-02 1.414935290813446045e-01 6.660852232016623020e-04
6.545683174405336757e-02 1.410934627056121826e-01 6.656664190813899040e-04
6.556920397916307652e-02 1.387115120887756348e-01 6.607042159885168076e-04
6.568157621427278547e-02 1.389549523591995239e-01 6.623310036957263947e-04
6.579394844938250830e-02 1.401267498731613159e-01 6.652821903117001057e-04
6.590632068449223113e-02 1.376217305660247803e-01 6.588009418919682503e-04
6.601869291960194008e-02 1.381064206361770630e-01 6.614802987314760685e-04
6.613106515471164903e-02 1.381226032972335815e-01 6.621553911827504635e-04
6.624343738982135799e-02 1.369274258613586426e-01 6.594722508452832699e-04
6.635580962493108081e-02 1.358983367681503296e-01 6.577472086064517498e-04
6.646818186004080364e-02 1.366773545742034912e-01 6.594482110813260078e-04
6.658055409515051259e-02 1.340012103319168091e-01 6.525443750433623791e-04
6.669292633026022155e-02 1.352074295282363892e-01 6.572216516360640526e-04
6.680529856536994437e-02 1.344496160745620728e-01 6.549729732796549797e-04
6.691767080047965333e-02 1.345698535442352295e-01 6.562527269124984741e-04
6.703004303558937615e-02 1.340337395668029785e-01 6.543040508404374123e-04
6.714241527069908511e-02 1.345948725938796997e-01 6.564423092640936375e-04
6.725478750580879406e-02 1.326612383127212524e-01 6.524862837977707386e-04
6.736715974091851689e-02 1.331073194742202759e-01 6.541807088069617748e-04
6.747953197602822584e-02 1.325916349887847900e-01 6.521512987092137337e-04
6.759190421113794867e-02 1.320310086011886597e-01 6.513705011457204819e-04
6.770427644624765762e-02 1.305117756128311157e-01 6.478296709246933460e-04
6.781664868135736657e-02 1.307029128074645996e-01 6.495624547824263573e-04
6.792902091646708940e-02 1.296182572841644287e-01 6.469323416240513325e-04
6.804139315157681223e-02 1.292258203029632568e-01 6.463493336923420429e-04
6.815376538668652118e-02 1.285404860973358154e-01 6.451103254221379757e-04
6.826613762179623013e-02 1.283539235591888428e-01 6.434851675294339657e-04
6.837850985690593908e-02 1.281751543283462524e-01 6.443400052376091480e-04
6.849088209201566191e-02 1.270821690559387207e-01 6.416662945412099361e-04
6.860325432712538474e-02 1.262383759021759033e-01 6.385401356965303421e-04
6.871562656223509369e-02 1.264823675155639648e-01 6.421428988687694073e-04
6.882799879734480264e-02 1.264088004827499390e-01 6.419521523639559746e-04
6.894037103245451159e-02 1.262022107839584351e-01 6.399094127118587494e-04
6.905274326756423442e-02 1.253639459609985352e-01 6.399551057256758213e-04
6.916511550267395725e-02 1.248628422617912292e-01 6.401831051334738731e-04
6.927748773778366620e-02 1.249538958072662354e-01 6.386276800185441971e-04
6.938985997289337515e-02 1.238654553890228271e-01 6.372683565132319927e-04
6.950223220800308410e-02 1.222696378827095032e-01 6.327817682176828384e-04
6.961460444311280693e-02 1.227107644081115723e-01 6.329173338599503040e-04
6.972697667822252976e-02 1.225244104862213135e-01 6.337407976388931274e-04
6.983934891333223871e-02 1.218772605061531067e-01 6.322985864244401455e-04
6.995172114844194766e-02 1.215414851903915405e-01 6.312486366368830204e-04
7.006409338355167049e-02 1.220389530062675476e-01 6.330101750791072845e-04
7.017646561866137944e-02 1.208521649241447449e-01 6.317237857729196548e-04
7.028883785377110227e-02 1.208235770463943481e-01 6.311370525509119034e-04
7.040121008888081122e-02 1.211276873946189880e-01 6.321431719698011875e-04
7.051358232399052017e-02 1.199683248996734619e-01 6.297654472291469574e-04
7.062595455910024300e-02 1.202007159590721130e-01 6.295055500231683254e-04
7.073832679420995195e-02 1.187266632914543152e-01 6.250377045944333076e-04
7.085069902931967478e-02 1.191228330135345459e-01 6.275910418480634689e-04
7.096307126442938373e-02 1.184479519724845886e-01 6.257414934225380421e-04
7.107544349953909268e-02 1.175478249788284302e-01 6.254405598156154156e-04
7.118781573464881551e-02 1.185834929347038269e-01 6.275243358686566353e-04
7.130018796975853834e-02 1.171942949295043945e-01 6.230899598449468613e-04
7.141256020486824729e-02 1.165527254343032837e-01 6.212616572156548500e-04
7.152493243997795624e-02 1.165627837181091309e-01 6.232762825675308704e-04
7.163730467508766520e-02 1.148203536868095398e-01 6.180542986840009689e-04
7.174967691019738802e-02 1.156594157218933105e-01 6.199916824698448181e-04
7.186204914530711085e-02 1.157780513167381287e-01 6.211510044522583485e-04
7.197442138041681980e-02 1.141535341739654541e-01 6.162239587865769863e-04
7.208679361552652876e-02 1.136834248900413513e-01 6.156852468848228455e-04
7.219916585063623771e-02 1.153010427951812744e-01 6.208085687831044197e-04
7.231153808574596054e-02 1.131285279989242554e-01 6.157387979328632355e-04
7.242391032085568336e-02 1.133953183889389038e-01 6.152230198495090008e-04
7.253628255596539232e-02 1.134842708706855774e-01 6.165209924802184105e-04
7.264865479107510127e-02 1.127933263778686523e-01 6.148004322312772274e-04
7.276102702618482410e-02 1.112514063715934753e-01 6.101098260842263699e-04
7.287339926129453305e-02 1.116979345679283142e-01 6.131411064416170120e-04
7.298577149640425588e-02 1.112049743533134460e-01 6.117175216786563396e-04
7.309814373151396483e-02 1.102734580636024475e-01 6.090041715651750565e-04
7.321051596662367378e-02 1.094476729631423950e-01 6.073881522752344608e-04
7.332288820173339661e-02 1.101952642202377319e-01 6.096257711760699749e-04
7.343526043684310556e-02 1.100634336471557617e-01 6.099426536820828915e-04
7.354763267195282839e-02 1.096972376108169556e-01 6.082451436668634415e-04
7.366000490706253734e-02 1.085688620805740356e-01 6.056879647076129913e-04
7.377237714217224629e-02 1.080766767263412476e-01 6.036568665876984596e-04
7.388474937728196912e-02 1.074613854289054871e-01 6.026485934853553772e-04
7.399712161239169195e-02 1.072160974144935608e-01 6.020414875820279121e-04
7.410949384750140090e-02 1.073285415768623352e-01 6.026352057233452797e-04
7.422186608261110985e-02 1.074462532997131348e-01 6.031443481333553791e-04
7.433423831772081880e-02 1.059369295835494995e-01 5.988634075038135052e-04
7.444661055283054163e-02 1.059825345873832703e-01 5.981101421639323235e-04
7.455898278794026446e-02 1.053104251623153687e-01 5.962366703897714615e-04
7.467135502304997341e-02 1.057724356651306152e-01 5.985563038848340511e-04
7.478372725815968236e-02 1.040708050131797791e-01 5.928786122240126133e-04
7.489609949326939131e-02 1.046452224254608154e-01 5.955649539828300476e-04
7.500847172837911414e-02 1.037510558962821960e-01 5.920521216467022896e-04
7.512084396348883697e-02 1.035752445459365845e-01 5.909019964747130871e-04
7.523321619859854592e-02 1.026972457766532898e-01 5.891417386010289192e-04
7.534558843370825487e-02 1.034020185470581055e-01 5.922181881032884121e-04
7.545796066881796382e-02 1.020956113934516907e-01 5.890398169867694378e-04
7.557033290392768665e-02 1.010115668177604675e-01 5.865527782589197159e-04
7.568270513903740948e-02 1.019584685564041138e-01 5.880951648578047752e-04
7.579507737414711843e-02 1.021682992577552795e-01 5.885250866413116455e-04
7.590744960925682738e-02 1.012788116931915283e-01 5.870657041668891907e-04
7.601982184436655021e-02 1.016417741775512695e-01 5.885061691515147686e-04
7.613219407947625916e-02 1.013186872005462646e-01 5.875269998796284199e-04
7.624456631458598199e-02 9.999511390924453735e-02 5.835675401613116264e-04
7.635693854969569094e-02 9.993310272693634033e-02 5.847499705851078033e-04
7.646931078480539989e-02 1.000970155000686646e-01 5.840288940817117691e-04
7.658168301991512272e-02 9.948800504207611084e-02 5.830638110637664795e-04
7.669405525502483167e-02 9.869232028722763062e-02 5.814217729493975639e-04
7.680642749013455450e-02 9.872580319643020630e-02 5.811399896629154682e-04
7.691879972524426345e-02 9.894783794879913330e-02 5.822095554322004318e-04
7.703117196035397241e-02 9.731156378984451294e-02 5.775601603090763092e-04
7.714354419546369523e-02 9.793937206268310547e-02 5.795790930278599262e-04
7.725591643057341806e-02 9.699495881795883179e-02 5.780993960797786713e-04
7.736828866568312701e-02 9.666772186756134033e-02 5.770539282821118832e-04
7.748066090079283597e-02 9.728480875492095947e-02 5.775237223133444786e-04
7.759303313590254492e-02 9.610179066658020020e-02 5.748672410845756531e-04
7.770540537101226775e-02 9.559243172407150269e-02 5.750029231421649456e-04
7.781777760612199057e-02 9.657078236341476440e-02 5.753045552410185337e-04
7.793014984123169953e-02 9.459242969751358032e-02 5.704789655283093452e-04
7.804252207634140848e-02 9.478581696748733521e-02 5.725995288230478764e-04
7.815489431145111743e-02 9.488102048635482788e-02 5.711996927857398987e-04
7.826726654656084026e-02 9.338870644569396973e-02 5.694031715393066406e-04
7.837963878167056309e-02 9.470120072364807129e-02 5.722804344259202480e-04
7.849201101678027204e-02 9.348396211862564087e-02 5.683877388946712017e-04
7.860438325188998099e-02 9.308924525976181030e-02 5.687638767994940281e-04
7.871675548699970382e-02 9.419509768486022949e-02 5.712729762308299541e-04
7.882912772210941277e-02 9.279648214578628540e-02 5.658553563989698887e-04
7.894149995721913560e-02 9.260101616382598877e-02 5.672380211763083935e-04
7.905387219232884455e-02 9.248012304306030273e-02 5.670029204338788986e-04
7.916624442743855350e-02 9.156602621078491211e-02 5.641789757646620274e-04
7.927861666254827633e-02 9.157529473304748535e-02 5.644881748594343662e-04
7.939098889765798528e-02 9.156449139118194580e-02 5.650937091559171677e-04
7.950336113276770811e-02 9.164842963218688965e-02 5.645964411087334156e-04
7.961573336787741706e-02 9.113025665283203125e-02 5.629552179016172886e-04
7.972810560298712601e-02 9.133446216583251953e-02 5.658459267579019070e-04
7.984047783809684884e-02 8.970480412244796753e-02 5.598589195869863033e-04
7.995285007320657167e-02 8.933072537183761597e-02 5.593760288320481777e-04
8.006522230831628062e-02 8.970925956964492798e-02 5.602450692094862461e-04
8.017759454342598957e-02 8.962024748325347900e-02 5.589632201008498669e-04
8.028996677853569852e-02 8.901397883892059326e-02 5.596018745563924313e-04
8.040233901364542135e-02 8.825939148664474487e-02 5.555953248403966427e-04
8.051471124875514418e-02 8.782195299863815308e-02 5.558532429859042168e-04
8.062708348386485313e-02 8.779421448707580566e-02 5.536288954317569733e-04
8.073945571897456208e-02 8.762298524379730225e-02 5.548913031816482544e-04
8.085182795408427103e-02 8.781855553388595581e-02 5.556770483963191509e-04
8.096420018919399386e-02 8.784934878349304199e-02 5.558668053708970547e-04
8.107657242430371669e-02 8.600362390279769897e-02 5.501608247868716717e-04
8.118894465941342564e-02 8.676444739103317261e-02 5.526639288291335106e-04
8.130131689452313459e-02 8.520153909921646118e-02 5.476427613757550716e-04
8.141368912963284354e-02 8.605533093214035034e-02 5.513093201443552971e-04
8.152606136474256637e-02 8.626917004585266113e-02 5.518532125279307365e-04
8.163843359985228920e-02 8.541563898324966431e-02 5.485474248416721821e-04
8.175080583496199815e-02 8.567181229591369629e-02 5.495816585607826710e-04
8.186317807007170710e-02 8.465229719877243042e-02 5.462327389977872372e-04
8.197555030518142993e-02 8.506928384304046631e-02 5.473676137626171112e-04
8.208792254029113888e-02 8.396764844655990601e-02 5.449115997180342674e-04
8.220029477540086171e-02 8.338290452957153320e-02 5.422927788458764553e-04
8.231266701051057066e-02 8.386742323637008667e-02 5.453806952573359013e-04
8.242503924562027962e-02 8.358505368232727051e-02 5.452926852740347385e-04
8.253741148073000244e-02 8.325519412755966187e-02 5.439625820145010948e-04
8.264978371583971140e-02 8.305239677429199219e-02 5.438983207568526268e-04
8.276215595094943422e-02 8.295169472694396973e-02 5.435322527773678303e-04
8.287452818605914318e-02 8.214496821165084839e-02 5.412398022599518299e-04
8.298690042116885213e-02 8.148906379938125610e-02 5.387673736549913883e-04
8.309927265627857496e-02 8.238677680492401123e-02 5.422265967354178429e-04
8.321164489138829778e-02 8.208867162466049194e-02 5.396924098022282124e-04
8.332401712649800674e-02 8.129373192787170410e-02 5.373510648496448994e-04
8.343638936160771569e-02 8.111421018838882446e-02 5.373001331463456154e-04
8.354876159671742464e-02 8.112476766109466553e-02 5.391004960983991623e-04
8.366113383182714747e-02 8.083040267229080200e-02 5.371770821511745453e-04
8.377350606693687030e-02 8.078324049711227417e-02 5.371138686314225197e-04
8.388587830204657925e-02 8.039363473653793335e-02 5.368391866795718670e-04
8.399825053715628820e-02 7.914049923419952393e-02 5.314740119501948357e-04
8.411062277226599715e-02 7.977197319269180298e-02 5.344020319171249866e-04
8.422299500737571998e-02 7.891740649938583374e-02 5.319063784554600716e-04
8.433536724248544281e-02 7.896520942449569702e-02 5.322602810338139534e-04
8.444773947759515176e-02 7.785962522029876709e-02 5.277030286379158497e-04
8.456011171270486071e-02 7.873016595840454102e-02 5.323833320289850235e-04
8.467248394781458354e-02 7.883612066507339478e-02 5.305951926857233047e-04
8.478485618292429249e-02 7.836023718118667603e-02 5.305397789925336838e-04
8.489722841803401532e-02 7.792429625988006592e-02 5.304967053234577179e-04
8.500960065314372427e-02 7.694490998983383179e-02 5.257867160253226757e-04
8.512197288825343322e-02 7.661976665258407593e-02 5.259283934719860554e-04
8.523434512336315605e-02 7.702349126338958740e-02 5.264679202809929848e-04
8.534671735847286500e-02 7.702299952507019043e-02 5.259884637780487537e-04
8.545908959358258783e-02 7.676889747381210327e-02 5.254003335721790791e-04
8.557146182869229678e-02 7.616909593343734741e-02 5.243273335509002209e-04
8.568383406380200573e-02 7.705662399530410767e-02 5.265679792501032352e-04
8.579620629891172856e-02 7.605510205030441284e-02 5.234316340647637844e-04
8.590857853402145139e-02 7.591680437326431274e-02 5.225660279393196106e-04
8.602095076913116034e-02 7.571143656969070435e-02 5.226163193583488464e-04
8.613332300424086929e-02 7.533812522888183594e-02 5.216444260440766811e-04
8.624569523935057824e-02 7.507979869842529297e-02 5.199584411457180977e-04
8.635806747446030107e-02 7.586414366960525513e-02 5.218188744038343430e-04
8.647043970957002390e-02 7.438773661851882935e-02 5.201816093176603317e-04
8.658281194467973285e-02 7.408801466226577759e-02 5.184340989217162132e-04
8.669518417978944180e-02 7.480664551258087158e-02 5.199438310228288174e-04
8.680755641489915075e-02 7.416336983442306519e-02 5.189341027289628983e-04
8.691992865000887358e-02 7.392999529838562012e-02 5.187168135307729244e-04
8.703230088511859641e-02 7.277540117502212524e-02 5.145837785676121712e-04
8.714467312022830536e-02 7.278119027614593506e-02 5.145015893504023552e-04
8.725704535533801431e-02 7.352536171674728394e-02 5.178541759960353374e-04
8.736941759044772327e-02 7.295000553131103516e-02 5.152956000529229641e-04
8.748178982555744609e-02 7.235129177570343018e-02 5.130259087309241295e-04
8.759416206066716892e-02 7.228548824787139893e-02 5.132093792781233788e-04
8.770653429577687787e-02 7.233479619026184082e-02 5.138622946105897427e-04
8.781890653088658683e-02 7.222595810890197754e-02 5.148462951183319092e-04
8.793127876599630965e-02 7.206696271896362305e-02 5.144098540768027306e-04
8.804365100110601861e-02 7.131194323301315308e-02 5.104292067699134350e-04
8.815602323621574143e-02 7.156215608119964600e-02 5.104285082779824734e-04
8.826839547132545039e-02 7.145550847053527832e-02 5.121660069562494755e-04
8.838076770643515934e-02 7.052741199731826782e-02 5.082132411189377308e-04
8.849313994154488217e-02 6.945487111806869507e-02 5.045059369876980782e-04
8.860551217665459112e-02 6.964275240898132324e-02 5.066375015303492546e-04
8.871788441176431395e-02 6.971304863691329956e-02 5.037561058998107910e-04
8.883025664687402290e-02 6.959816068410873413e-02 5.064601427875459194e-04
8.894262888198373185e-02 6.993463635444641113e-02 5.062993732281029224e-04
8.905500111709345468e-02 6.929391622543334961e-02 5.032588378526270390e-04
8.916737335220317751e-02 6.855967640876770020e-02 5.025176214985549450e-04
8.927974558731288646e-02 6.896460801362991333e-02 5.039550596848130226e-04
8.939211782242259541e-02 6.931935250759124756e-02 5.040351534262299538e-04
8.950449005753230436e-02 6.871342658996582031e-02 5.029109306633472443e-04
8.961686229264202719e-02 6.869237124919891357e-02 5.035031936131417751e-04
8.972923452775175002e-02 6.827059388160705566e-02 4.998678923584520817e-04
8.984160676286145897e-02 6.857331097126007080e-02 5.019591771997511387e-04
8.995397899797116792e-02 6.800946593284606934e-02 5.021651159040629864e-04
9.006635123308087687e-02 6.772588938474655151e-02 4.994920454919338226e-04
9.017872346819059970e-02 6.798510253429412842e-02 5.006717983633279800e-04
9.029109570330032253e-02 6.668636202812194824e-02 4.972253227606415749e-04
9.040346793841003148e-02 6.648760288953781128e-02 4.956694901920855045e-04
9.051584017351974043e-02 6.725177168846130371e-02 4.994391347281634808e-04
9.062821240862946326e-02 6.618987023830413818e-02 4.955852054990828037e-04
9.074058464373917221e-02 6.626289337873458862e-02 4.961937665939331055e-04
9.085295687884889504e-02 6.551561504602432251e-02 4.943156964145600796e-04
9.096532911395860399e-02 6.570540368556976318e-02 4.951236187480390072e-04
9.107770134906831294e-02 6.560832262039184570e-02 4.945424734614789486e-04
9.119007358417803577e-02 6.530188769102096558e-02 4.928612033836543560e-04
9.130244581928774472e-02 6.475885212421417236e-02 4.926802939735352993e-04
9.141481805439746755e-02 6.479708850383758545e-02 4.917909973300993443e-04
9.152719028950717650e-02 6.446568667888641357e-02 4.895830643363296986e-04
9.163956252461688545e-02 6.494064629077911377e-02 4.926166147924959660e-04
9.175193475972660828e-02 6.416784971952438354e-02 4.890518612228333950e-04
9.186430699483633111e-02 6.386272609233856201e-02 4.870261764153838158e-04
9.197667922994604006e-02 6.410875171422958374e-02 4.888400435447692871e-04
9.208905146505574901e-02 6.374998390674591064e-02 4.881469067186117172e-04
9.220142370016545796e-02 6.432804465293884277e-02 4.894415033049881458e-04
9.231379593527518079e-02 6.389281898736953735e-02 4.882764187641441822e-04
9.242616817038490362e-02 6.239911913871765137e-02 4.842977505177259445e-04
9.253854040549461257e-02 6.212751567363739014e-02 4.838289751205593348e-04
9.265091264060432152e-02 6.337074935436248779e-02 4.872367426287382841e-04
9.276328487571403048e-02 6.291413307189941406e-02 4.843851202167570591e-04
9.287565711082375330e-02 6.164595857262611389e-02 4.803166957572102547e-04
9.298802934593347613e-02 6.164003908634185791e-02 4.833822022192180157e-04
9.310040158104318508e-02 6.101129204034805298e-02 4.813350969925522804e-04
9.321277381615289404e-02 6.127799674868583679e-02 4.810163227375596762e-04
9.332514605126260299e-02 6.121730059385299683e-02 4.801994073204696178e-04
9.343751828637232582e-02 6.150505691766738892e-02 4.821021866519004107e-04
9.354989052148204864e-02 6.168036907911300659e-02 4.818394663743674755e-04
9.366226275659175760e-02 6.092679500579833984e-02 4.789863596670329571e-04
9.377463499170146655e-02 6.145581603050231934e-02 4.818595771212130785e-04
9.388700722681118938e-02 6.171998009085655212e-02 4.807266523130238056e-04
9.399937946192089833e-02 6.037525832653045654e-02 4.755122936330735683e-04
9.411175169703062116e-02 6.096616014838218689e-02 4.798451554961502552e-04
9.422412393214033011e-02 5.974161252379417419e-02 4.766766505781561136e-04
9.433649616725003906e-02 5.994879826903343201e-02 4.773436812683939934e-04
9.444886840235976189e-02 5.980673804879188538e-02 4.752277745865285397e-04
9.456124063746947084e-02 5.991067364811897278e-02 4.757397691719233990e-04
9.467361287257919367e-02 5.912498757243156433e-02 4.722821759060025215e-04
9.478598510768890262e-02 5.876398086547851562e-02 4.719408170785754919e-04
9.489835734279861157e-02 5.853189155459403992e-02 4.717694537248462439e-04
9.501072957790833440e-02 5.906300991773605347e-02 4.732993838842958212e-04
9.512310181301805723e-02 5.814033001661300659e-02 4.707792249973863363e-04
9.523547404812776618e-02 5.766272544860839844e-02 4.686156753450632095e-04
9.534784628323747513e-02 5.773188173770904541e-02 4.684814193751662970e-04
9.546021851834718408e-02 5.773016065359115601e-02 4.686017637141048908e-04
9.557259075345690691e-02 5.802022665739059448e-02 4.703212471213191748e-04
9.568496298856662974e-02 5.725856870412826538e-02 4.670689813792705536e-04
9.579733522367633869e-02 5.661024898290634155e-02 4.657786339521408081e-04
9.590970745878604764e-02 5.739898607134819031e-02 4.675567033700644970e-04
9.602207969389575659e-02 5.798032134771347046e-02 4.745248588733375072e-04
9.613445192900547942e-02 5.794071406126022339e-02 4.939294303767383099e-04
9.624682416411520225e-02 5.695432424545288086e-02 5.011307657696306705e-04
9.635919639922491120e-02 5.742488801479339600e-02 5.072061903774738312e-04
9.647156863433462015e-02 5.716733634471893311e-02 5.169112700968980789e-04
9.658394086944434298e-02 5.687243118882179260e-02 5.202475585974752903e-04
9.669631310455405193e-02 5.684722214937210083e-02 5.283775390125811100e-04
9.680868533966377476e-02 5.635652691125869751e-02 5.343956290744245052e-04
9.692105757477348371e-02 5.577709898352622986e-02 5.383462994359433651e-04
9.703342980988319266e-02 5.635334551334381104e-02 5.470562027767300606e-04
9.714580204499291549e-02 5.548163503408432007e-02 5.482286796905100346e-04
9.725817428010262444e-02 5.452530458569526672e-02 5.526691675186157227e-04
9.737054651521234727e-02 5.445784702897071838e-02 5.563827580772340298e-04
9.748291875032205622e-02 5.567231029272079468e-02 5.695568979717791080e-04
9.759529098543176517e-02 5.347466468811035156e-02 5.647655925713479519e-04
9.770766322054148800e-02 5.396407097578048706e-02 5.734729347750544548e-04
9.782003545565119695e-02 5.374733358621597290e-02 5.778441554866731167e-04
9.793240769076091978e-02 5.393435060977935791e-02 5.854721530340611935e-04
9.804477992587062873e-02 5.438662692904472351e-02 5.898501840420067310e-04
9.815715216098033769e-02 5.313595384359359741e-02 5.865568527951836586e-04
9.826952439609006051e-02 5.392747372388839722e-02 5.943252472206950188e-04
9.838189663119978334e-02 5.304496362805366516e-02 5.962089635431766510e-04
9.849426886630949229e-02 5.325870215892791748e-02 6.049249204806983471e-04
9.860664110141920125e-02 5.276021733880043030e-02 6.065420457161962986e-04
9.871901333652891020e-02 5.355072766542434692e-02 6.160288467071950436e-04
9.883138557163863303e-02 5.247537046670913696e-02 6.159032345749437809e-04
9.894375780674835585e-02 5.329296737909317017e-02 6.240272196009755135e-04
9.905613004185806481e-02 5.294056236743927002e-02 6.307957810349762440e-04
9.916850227696777376e-02 5.177025496959686279e-02 6.336554070003330708e-04
9.928087451207748271e-02 5.355046689510345459e-02 6.457251147367060184e-04
9.939324674718720554e-02 5.096306651830673218e-02 6.396040553227066994e-04
9.950561898229692837e-02 5.183762684464454651e-02 6.488544750027358532e-04
9.961799121740663732e-02 5.107741057872772217e-02 6.526174838654696941e-04
9.973036345251634627e-02 5.074460804462432861e-02 6.570595433004200459e-04
9.984273568762606910e-02 5.197953432798385620e-02 6.697078933939337730e-04
9.995510792273577805e-02 5.062226951122283936e-02 6.684926920570433140e-04
1.000674801578455009e-01 5.111498385667800903e-02 6.811019848100841045e-04
1.001798523929552098e-01 5.053295567631721497e-02 6.846714532002806664e-04
1.002922246280649188e-01 4.963377118110656738e-02 6.839057314209640026e-04
1.004045968631746416e-01 5.054506659507751465e-02 6.999979959800839424e-04
1.005169690982843506e-01 5.058213323354721069e-02 7.032466819509863853e-04
1.006293413333940734e-01 5.065495148301124573e-02 7.179021486081182957e-04
1.007417135685037823e-01 5.104932934045791626e-02 7.250821217894554138e-04
1.008540858036134913e-01 4.999222978949546814e-02 7.228431641124188900e-04
1.009664580387232141e-01 5.027934536337852478e-02 7.358206785283982754e-04
1.010788302738329369e-01 4.961770400404930115e-02 7.436254527419805527e-04
1.011912025089426459e-01 4.849011451005935669e-02 7.415841100737452507e-04
1.013035747440523549e-01 4.852369427680969238e-02 7.436207961291074753e-04
1.014159469791620638e-01 4.805700853466987610e-02 7.482487708330154419e-04
1.015283192142717866e-01 4.834239557385444641e-02 7.592621259391307831e-04
1.016406914493815095e-01 4.799640551209449768e-02 7.619046955369412899e-04
1.017530636844912184e-01 4.873742535710334778e-02 7.702484144829213619e-04
1.018654359196009274e-01 4.795055091381072998e-02 7.700471323914825916e-04
1.019778081547106363e-01 4.823306575417518616e-02 7.835866999812424183e-04
1.020901803898203591e-01 4.703842848539352417e-02 7.837158045731484890e-04
1.022025526249300820e-01 4.754805937409400940e-02 7.967249839566648006e-04
1.023149248600397909e-01 4.810994863510131836e-02 8.114711963571608067e-04
1.024272970951494999e-01 4.814712703227996826e-02 8.224009070545434952e-04
1.025396693302592227e-01 4.700758680701255798e-02 8.220396121032536030e-04
1.026520415653689317e-01 4.685762152075767517e-02 8.318962063640356064e-04
1.027644138004786545e-01 4.724524542689323425e-02 8.479739190079271793e-04
1.028767860355883634e-01 4.591567069292068481e-02 8.350051357410848141e-04
1.029891582706980724e-01 4.748664796352386475e-02 8.585591567680239677e-04
1.031015305058077952e-01 4.461122304201126099e-02 8.405749686062335968e-04
1.032139027409175042e-01 4.708880931138992310e-02 8.655942510813474655e-04
1.033262749760272270e-01 4.671421274542808533e-02 8.740894263610243797e-04
1.034386472111369359e-01 4.677079617977142334e-02 8.787495899014174938e-04
1.035510194462466449e-01 4.588428139686584473e-02 8.739294135011732578e-04
1.036633916813563677e-01 4.474055767059326172e-02 8.768499828875064850e-04
1.037757639164660767e-01 4.594111070036888123e-02 8.931477204896509647e-04
1.038881361515757995e-01 4.527181014418601990e-02 8.882525726221501827e-04
1.040005083866855085e-01 4.455774277448654175e-02 8.867719443514943123e-04
1.041128806217952174e-01 4.531946778297424316e-02 9.073168621398508549e-04
1.042252528569049402e-01 4.603840410709381104e-02 9.234813624061644077e-04
1.043376250920146631e-01 4.415837302803993225e-02 9.156884625554084778e-04
1.044499973271243720e-01 4.461868107318878174e-02 9.209227282553911209e-04
1.045623695622340810e-01 4.456877335906028748e-02 9.276808123104274273e-04
1.046747417973437899e-01 4.392014071345329285e-02 9.306900319643318653e-04
1.047871140324535127e-01 4.606399312615394592e-02 9.547515073791146278e-04
1.048994862675632356e-01 4.578983783721923828e-02 9.565216605551540852e-04
1.050118585026729445e-01 4.552522301673889160e-02 9.657388436608016491e-04
1.051242307377826535e-01 4.295478761196136475e-02 9.584600920788943768e-04
1.052366029728923624e-01 4.383901506662368774e-02 9.701153612695634365e-04
1.053489752080020853e-01 4.531767964363098145e-02 9.921266464516520500e-04
1.054613474431118081e-01 4.305702075362205505e-02 9.827361209318041801e-04
1.055737196782215170e-01 4.232768714427947998e-02 9.707190329208970070e-04
1.056860919133312260e-01 4.198424890637397766e-02 9.853999363258481026e-04
1.057984641484409488e-01 4.319782555103302002e-02 1.012240070849657059e-03
1.059108363835506578e-01 4.326485097408294678e-02 1.019420800730586052e-03
1.060232086186603806e-01 4.603642597794532776e-02 1.053184503689408302e-03
1.061355808537700895e-01 4.340380057692527771e-02 1.039147377014160156e-03
1.062479530888797985e-01 4.233205690979957581e-02 1.042612479068338871e-03
1.063603253239895213e-01 4.024517163634300232e-02 1.030015526339411736e-03
1.064726975590992303e-01 4.074268043041229248e-02 1.048745121806859970e-03
1.065850697942089531e-01 4.232833161950111389e-02 1.076902262866497040e-03
1.066974420293186621e-01 4.191642627120018005e-02 1.076545333489775658e-03
1.068098142644283710e-01 4.190095514059066772e-02 1.088616205379366875e-03
1.069221864995380938e-01 4.098364710807800293e-02 1.105872914195060730e-03
1.070345587346478167e-01 4.359582811594009399e-02 1.130383578129112720e-03
1.071469309697575256e-01 3.981496766209602356e-02 1.109588658437132835e-03
1.072593032048672346e-01 4.062192514538764954e-02 1.130270189605653286e-03
1.073716754399769435e-01 4.138801619410514832e-02 1.141945598646998405e-03
1.074840476750866664e-01 4.002996534109115601e-02 1.142643974162638187e-03
1.075964199101963892e-01 4.053857177495956421e-02 1.164697925560176373e-03
1.077087921453060981e-01 3.825253993272781372e-02 1.163199776783585548e-03
1.078211643804158071e-01 3.945961222052574158e-02 1.193212694488465786e-03
1.079335366155255160e-01 3.900948166847229004e-02 1.203183783218264580e-03
1.080459088506352389e-01 4.010447859764099121e-02 1.238493714481592178e-03
1.081582810857449617e-01 3.973980993032455444e-02 1.237446791492402554e-03
1.082706533208546706e-01 3.896100074052810669e-02 1.239264733158051968e-03
1.083830255559643796e-01 3.766935318708419800e-02 1.243923790752887726e-03
1.084953977910741024e-01 3.963701799511909485e-02 1.298347604461014271e-03
1.086077700261838114e-01 3.895421326160430908e-02 1.303598983213305473e-03
1.087201422612935342e-01 3.946554288268089294e-02 1.316671376116573811e-03
1.088325144964032432e-01 4.027278348803520203e-02 1.355582266114652157e-03
1.089448867315129521e-01 3.985293209552764893e-02 1.372337923385202885e-03
1.090572589666226749e-01 3.808770701289176941e-02 1.368615427054464817e-03
1.091696312017323839e-01 3.910899907350540161e-02 1.406434574164450169e-03
1.092820034368421067e-01 3.834806755185127258e-02 1.448628026992082596e-03
1.093943756719518157e-01 3.836678341031074524e-02 1.475274679251015186e-03
1.095067479070615246e-01 3.895480185747146606e-02 1.505047315731644630e-03
1.096191201421712474e-01 4.019903764128684998e-02 1.567156519740819931e-03
1.097314923772809564e-01 3.800486773252487183e-02 1.544405240565538406e-03
1.098438646123906792e-01 3.814628347754478455e-02 1.584855606779456139e-03
1.099562368475003882e-01 3.740293532609939575e-02 1.607470097951591015e-03
1.100686090826100971e-01 3.881048783659934998e-02 1.690956763923168182e-03
1.101809813177198200e-01 3.773422539234161377e-02 1.688619842752814293e-03
1.102933535528295428e-01 3.931833803653717041e-02 1.766414497978985310e-03
1.104057257879392517e-01 3.683892264962196350e-02 1.785728149116039276e-03
1.105180980230489607e-01 3.868035227060317993e-02 1.872804132290184498e-03
1.106304702581586696e-01 3.941988572478294373e-02 1.967226155102252960e-03
1.107428424932683925e-01 3.768962994217872620e-02 1.961653353646397591e-03
1.108552147283781153e-01 3.787926211953163147e-02 2.034760313108563423e-03
1.109675869634878242e-01 3.778417780995368958e-02 2.136400435119867325e-03
1.110799591985975332e-01 3.673933446407318115e-02 2.176214475184679031e-03
1.111923314337072421e-01 4.045245423913002014e-02 2.349636284634470940e-03
1.113047036688169650e-01 4.262137413024902344e-02 2.591128693893551826e-03
1.114170759039266878e-01 4.237619787454605103e-02 2.642005449160933495e-03
1.115294481390363968e-01 4.111763089895248413e-02 2.824626630172133446e-03
1.116418203741461057e-01 3.827925771474838257e-02 3.010145388543605804e-03
1.117541926092558285e-01 3.553314879536628723e-02 2.979218028485774994e-03
1.118665648443655375e-01 4.206284508109092712e-02 3.579547628760337830e-03
1.119789370794752603e-01 3.960870578885078430e-02 4.005255643278360367e-03
1.120913093145849693e-01 4.066882282495498657e-02 4.709565546363592148e-03
1.122036815496946782e-01 4.727500677108764648e-02 6.199709139764308929e-03
1.123160537848044011e-01 3.819882497191429138e-02 9.661215357482433319e-03
