# b'S_22p5_45_M'
# q I errors
5.619091019940264685e-05 0.000000000000000000e+00 0.000000000000000000e+00
1.685631453091173510e-04 0.000000000000000000e+00 0.000000000000000000e+00
2.809353804188320755e-04 0.000000000000000000e+00 0.000000000000000000e+00
3.933076155285467729e-04 0.000000000000000000e+00 0.000000000000000000e+00
5.056798506382615245e-04 0.000000000000000000e+00 0.000000000000000000e+00
6.180520857479762219e-04 0.000000000000000000e+00 0.000000000000000000e+00
7.304243208576910278e-04 0.000000000000000000e+00 0.000000000000000000e+00
8.427965559674056167e-04 0.000000000000000000e+00 0.000000000000000000e+00
9.551687910771204226e-04 0.000000000000000000e+00 0.000000000000000000e+00
1.067541026186835228e-03 0.000000000000000000e+00 0.000000000000000000e+00
1.179913261296549817e-03 1.830622100830078125e+01 7.430050969123840332e-01
1.292285496406264406e-03 1.822369384765625000e+01 1.357654035091400146e-01
1.404657731515979212e-03 1.801116943359375000e+01 6.862425804138183594e-02
1.517029966625694018e-03 1.786810684204101562e+01 4.821500182151794434e-02
1.629402201735408607e-03 1.755924797058105469e+01 4.113088548183441162e-02
1.741774436845123196e-03 1.727735900878906250e+01 3.736545890569686890e-02
1.854146671954838219e-03 1.706378555297851562e+01 3.446515277028083801e-02
1.966518907064552808e-03 1.678354072570800781e+01 3.167296573519706726e-02
2.078891142174267397e-03 1.660337066650390625e+01 2.972207218408584595e-02
2.191263377283981986e-03 1.627297210693359375e+01 2.780790440738201141e-02
2.303635612393696575e-03 1.597139930725097656e+01 2.636013366281986237e-02
2.416007847503411597e-03 1.570200824737548828e+01 2.491572685539722443e-02
2.528380082613125752e-03 1.543686485290527344e+01 2.384029328823089600e-02
2.640752317722840775e-03 1.511106967926025391e+01 2.287934906780719757e-02
2.753124552832555798e-03 1.485611438751220703e+01 2.191677503287792206e-02
2.865496787942269953e-03 1.459521102905273438e+01 2.107897587120532990e-02
2.977869023051984976e-03 1.431283569335937500e+01 2.026175521314144135e-02
3.090241258161699998e-03 1.405252552032470703e+01 1.946173980832099915e-02
3.202613493271414154e-03 1.374192047119140625e+01 1.870022900402545929e-02
3.314985728381129176e-03 1.342665386199951172e+01 1.808531396090984344e-02
3.427357963490843765e-03 1.312779235839843750e+01 1.739662326872348785e-02
3.539730198600558354e-03 1.287108516693115234e+01 1.681744493544101715e-02
3.652102433710273377e-03 1.265236282348632812e+01 1.637881807982921600e-02
3.764474668819987966e-03 1.236481094360351562e+01 1.607074961066246033e-02
3.876846903929702555e-03 1.208903312683105469e+01 1.599228754639625549e-02
3.989219139039417578e-03 1.186381340026855469e+01 1.576554216444492340e-02
4.101591374149131733e-03 1.160466861724853516e+01 1.541533414274454117e-02
4.213963609258846756e-03 1.134525108337402344e+01 1.507715974003076553e-02
4.326335844368561778e-03 1.105445289611816406e+01 1.478358823806047440e-02
4.438708079478275934e-03 1.084116935729980469e+01 1.444841176271438599e-02
4.551080314587990956e-03 1.058295154571533203e+01 1.410224940627813339e-02
4.663452549697705979e-03 1.037826538085937500e+01 1.385308802127838135e-02
4.775824784807420134e-03 1.013254165649414062e+01 1.354790944606065750e-02
4.888197019917135157e-03 9.914732933044433594e+00 1.322255376726388931e-02
5.000569255026850179e-03 9.702107429504394531e+00 1.299527566879987717e-02
5.112941490136564335e-03 9.493839263916015625e+00 1.268477272242307663e-02
5.225313725246278490e-03 9.324589729309082031e+00 1.245092973113059998e-02
5.337685960355994380e-03 9.139905929565429688e+00 1.224861666560173035e-02
5.450058195465708535e-03 8.918070793151855469e+00 1.235270779579877853e-02
5.562430430575422691e-03 8.710658073425292969e+00 1.238788757473230362e-02
5.674802665685138581e-03 8.542652130126953125e+00 1.240400224924087524e-02
5.787174900794852736e-03 8.368527412414550781e+00 1.232663821429014206e-02
5.899547135904566891e-03 8.164937019348144531e+00 1.221828162670135498e-02
6.011919371014282781e-03 7.998267173767089844e+00 1.216321252286434174e-02
6.124291606123996937e-03 7.791615009307861328e+00 1.201102230697870255e-02
6.236663841233711092e-03 7.634823322296142578e+00 1.190663594752550125e-02
6.349036076343426982e-03 7.473950386047363281e+00 1.179976295679807663e-02
6.461408311453141137e-03 7.303774833679199219e+00 1.166177541017532349e-02
6.573780546562855293e-03 7.151987552642822266e+00 1.152938231825828552e-02
6.686152781672570315e-03 7.011480331420898438e+00 1.140450220555067062e-02
6.798525016782285338e-03 6.865690231323242188e+00 1.125678792595863342e-02
6.910897251891999493e-03 6.746143341064453125e+00 1.110123470425605774e-02
7.023269487001714516e-03 6.590434074401855469e+00 1.093805860728025436e-02
7.135641722111429538e-03 6.464279651641845703e+00 1.080093160271644592e-02
7.248013957221143694e-03 6.339383602142333984e+00 1.035285647958517075e-02
7.360386192330858716e-03 6.232516765594482422e+00 9.864455088973045349e-03
7.472758427440573739e-03 6.094892024993896484e+00 9.532131254673004150e-03
7.585130662550287894e-03 5.975032329559326172e+00 9.236526675522327423e-03
7.697502897660002917e-03 5.850571632385253906e+00 9.006146341562271118e-03
7.809875132769717072e-03 5.738444805145263672e+00 8.779488503932952881e-03
7.922247367879432095e-03 5.617028713226318359e+00 8.565131574869155884e-03
8.034619602989147985e-03 5.494149684906005859e+00 8.360434323549270630e-03
8.146991838098860406e-03 5.405540943145751953e+00 8.223640732467174530e-03
8.259364073208576296e-03 5.297943115234375000e+00 8.069680072367191315e-03
8.371736308318292186e-03 5.185467720031738281e+00 7.938001304864883423e-03
8.484108543428004606e-03 5.073890209197998047e+00 7.797265890985727310e-03
8.596480778537720496e-03 4.999731540679931641e+00 7.679616566747426987e-03
8.708853013647436386e-03 4.892029285430908203e+00 7.563732098788022995e-03
8.821225248757148807e-03 4.804161071777343750e+00 7.452690508216619492e-03
8.933597483866864697e-03 4.695759773254394531e+00 7.295717485249042511e-03
9.045969718976580587e-03 4.633869647979736328e+00 7.201556116342544556e-03
9.158341954086293007e-03 4.548862457275390625e+00 7.097486406564712524e-03
9.270714189196008898e-03 4.460449695587158203e+00 6.977634970098733902e-03
9.383086424305724788e-03 4.370415210723876953e+00 6.886269897222518921e-03
9.495458659415437208e-03 4.287706851959228516e+00 6.783963181078433990e-03
9.607830894525153098e-03 4.212022304534912109e+00 6.671625655144453049e-03
9.720203129634868988e-03 4.130354404449462891e+00 6.583226379007101059e-03
9.832575364744581409e-03 4.075465202331542969e+00 6.508876103907823563e-03
9.944947599854297299e-03 4.000015258789062500e+00 6.393445190042257309e-03
1.005731983496401319e-02 3.921797513961791992e+00 6.315979640930891037e-03
1.016969207007372561e-02 3.858204364776611328e+00 6.224574986845254898e-03
1.028206430518344150e-02 3.795815944671630859e+00 6.137597374618053436e-03
1.039443654029315565e-02 3.729035854339599609e+00 6.078878883272409439e-03
1.050680877540286981e-02 3.675406217575073242e+00 5.990907549858093262e-03
1.061918101051258570e-02 3.606445312500000000e+00 5.899730138480663300e-03
1.073155324562229986e-02 3.542864799499511719e+00 5.830243229866027832e-03
1.084392548073201401e-02 3.490689277648925781e+00 5.766105838119983673e-03
1.095629771584172990e-02 3.435194492340087891e+00 5.676456727087497711e-03
1.106866995095144406e-02 3.385584592819213867e+00 5.632289219647645950e-03
1.118104218606115821e-02 3.325675725936889648e+00 5.549484398216009140e-03
1.129341442117087410e-02 3.268716335296630859e+00 5.458728875964879990e-03
1.140578665628058826e-02 3.211419343948364258e+00 5.406363867223262787e-03
1.151815889139030241e-02 3.168162584304809570e+00 5.343123339116573334e-03
1.163053112650001830e-02 3.126244544982910156e+00 5.270576104521751404e-03
1.174290336160973246e-02 3.074462413787841797e+00 5.221706815063953400e-03
1.185527559671944661e-02 3.022341251373291016e+00 5.153916776180267334e-03
1.196764783182916250e-02 2.977938413619995117e+00 5.081197712570428848e-03
1.208002006693887666e-02 2.939294815063476562e+00 5.037602968513965607e-03
1.219239230204859081e-02 2.891301393508911133e+00 4.977520555257797241e-03
1.230476453715830670e-02 2.841482162475585938e+00 4.901886917650699615e-03
1.241713677226802086e-02 2.798185348510742188e+00 4.857665393501520157e-03
1.252950900737773501e-02 2.756985187530517578e+00 4.810338374227285385e-03
1.264188124248745090e-02 2.725336790084838867e+00 4.737634677439928055e-03
1.275425347759716506e-02 2.683498382568359375e+00 4.691067617386579514e-03
1.286662571270687921e-02 2.638794422149658203e+00 4.639089107513427734e-03
1.297899794781659510e-02 2.605457305908203125e+00 4.574680700898170471e-03
1.309137018292630752e-02 2.570251226425170898e+00 4.537049215286970139e-03
1.320374241803602341e-02 2.524223089218139648e+00 4.485185258090496063e-03
1.331611465314573930e-02 2.498403310775756836e+00 4.429529886692762375e-03
1.342848688825545173e-02 2.458592176437377930e+00 4.377754405140876770e-03
1.354085912336516762e-02 2.426441669464111328e+00 4.347511101514101028e-03
1.365323135847488351e-02 2.389133214950561523e+00 4.286053590476512909e-03
1.376560359358459593e-02 2.356148958206176758e+00 4.246953409165143967e-03
1.387797582869431182e-02 2.324685811996459961e+00 4.210221581161022186e-03
1.399034806380402771e-02 2.300700426101684570e+00 4.153726622462272644e-03
1.410272029891374013e-02 2.270081996917724609e+00 4.115432035177946091e-03
1.421509253402345602e-02 2.231104135513305664e+00 4.077225457876920700e-03
1.432746476913317191e-02 2.214174032211303711e+00 4.036980681121349335e-03
1.443983700424288433e-02 2.179275512695312500e+00 3.996314480900764465e-03
1.455220923935260022e-02 2.147972106933593750e+00 3.958063665777444839e-03
1.466458147446231611e-02 2.123475313186645508e+00 3.911618143320083618e-03
1.477695370957202853e-02 2.095810890197753906e+00 3.874341025948524475e-03
1.488932594468174442e-02 2.068644762039184570e+00 3.848104737699031830e-03
1.500169817979146031e-02 2.035901069641113281e+00 3.798242192715406418e-03
1.511407041490117273e-02 2.008323431015014648e+00 3.750391537323594093e-03
1.522644265001088862e-02 1.984352111816406250e+00 3.729337593540549278e-03
1.533881488512060451e-02 1.968261003494262695e+00 3.690726589411497116e-03
1.545118712023031693e-02 1.944246411323547363e+00 3.656578250229358673e-03
1.556355935534003282e-02 1.908496260643005371e+00 3.618892049416899681e-03
1.567593159044974871e-02 1.898692131042480469e+00 3.592111403122544289e-03
1.578830382555946113e-02 1.869760751724243164e+00 3.552174195647239685e-03
1.590067606066917702e-02 1.845541000366210938e+00 3.526634071022272110e-03
1.601304829577888944e-02 1.824344158172607422e+00 3.489358117803931236e-03
1.612542053088860533e-02 1.804894447326660156e+00 3.454922698438167572e-03
1.623779276599832122e-02 1.788301825523376465e+00 3.434935351833701134e-03
1.635016500110803711e-02 1.762264370918273926e+00 3.400114597752690315e-03
1.646253723621774953e-02 1.741141200065612793e+00 3.365356707945466042e-03
1.657490947132746542e-02 1.721742749214172363e+00 3.338702023029327393e-03
1.668728170643717784e-02 1.699584841728210449e+00 3.304766956716775894e-03
1.679965394154689373e-02 1.686633706092834473e+00 3.276975592598319054e-03
1.691202617665660962e-02 1.661774039268493652e+00 3.251364687457680702e-03
1.702439841176632551e-02 1.642854571342468262e+00 3.221570746973156929e-03
1.713677064687603793e-02 1.622699022293090820e+00 3.190200310200452805e-03
1.724914288198575382e-02 1.607249975204467773e+00 3.161306725814938545e-03
1.736151511709546624e-02 1.589587688446044922e+00 3.140114480629563332e-03
1.747388735220518213e-02 1.570138692855834961e+00 3.110134042799472809e-03
1.758625958731489802e-02 1.555981040000915527e+00 3.087158314883708954e-03
1.769863182242461391e-02 1.540509939193725586e+00 3.068074118345975876e-03
1.781100405753432633e-02 1.515128850936889648e+00 3.027647966518998146e-03
1.792337629264404222e-02 1.504661321640014648e+00 3.009692067280411720e-03
1.803574852775375464e-02 1.485555052757263184e+00 2.984448336064815521e-03
1.814812076286347053e-02 1.474726080894470215e+00 2.960973186418414116e-03
1.826049299797318642e-02 1.453425884246826172e+00 2.933172974735498428e-03
1.837286523308290231e-02 1.431904792785644531e+00 2.906835405156016350e-03
1.848523746819261473e-02 1.417690873146057129e+00 2.881064079701900482e-03
1.859760970330233062e-02 1.410364747047424316e+00 2.868188545107841492e-03
1.870998193841204305e-02 1.390904784202575684e+00 2.842230256646871567e-03
1.882235417352175894e-02 1.383587479591369629e+00 2.823777496814727783e-03
1.893472640863147483e-02 1.366902709007263184e+00 2.801286056637763977e-03
1.904709864374119072e-02 1.352481603622436523e+00 2.781382063403725624e-03
1.915947087885090314e-02 1.344181776046752930e+00 2.759397728368639946e-03
1.927184311396061903e-02 1.336510896682739258e+00 2.749406965449452400e-03
1.938421534907033145e-02 1.323230981826782227e+00 2.789594465866684914e-03
1.949658758418004734e-02 1.310894608497619629e+00 2.814329229295253754e-03
1.960895981928976323e-02 1.297931075096130371e+00 2.832973143085837364e-03
1.972133205439947912e-02 1.285231232643127441e+00 2.834212733432650566e-03
1.983370428950919154e-02 1.262986660003662109e+00 2.810904057696461678e-03
1.994607652461890743e-02 1.250906825065612793e+00 2.806041622534394264e-03
2.005844875972861985e-02 1.246057271957397461e+00 2.802890259772539139e-03
2.017082099483833574e-02 1.230857372283935547e+00 2.781638409942388535e-03
2.028319322994805163e-02 1.215829133987426758e+00 2.772792009636759758e-03
2.039556546505776405e-02 1.204897284507751465e+00 2.759346039965748787e-03
2.050793770016747994e-02 1.196873188018798828e+00 2.746881684288382530e-03
2.062030993527719236e-02 1.186963558197021484e+00 2.736862283200025558e-03
2.073268217038690825e-02 1.179338693618774414e+00 2.727789804339408875e-03
2.084505440549662414e-02 1.163750767707824707e+00 2.706637606024742126e-03
2.095742664060634003e-02 1.151934981346130371e+00 2.696992130950093269e-03
2.106979887571605245e-02 1.139620780944824219e+00 2.679203404113650322e-03
2.118217111082576834e-02 1.142554879188537598e+00 2.637663623318076134e-03
2.129454334593548076e-02 1.130628585815429688e+00 2.566386712715029716e-03
2.140691558104519665e-02 1.117733716964721680e+00 2.518821042031049728e-03
2.151928781615491254e-02 1.106582880020141602e+00 2.476487075909972191e-03
2.163166005126462843e-02 1.093297004699707031e+00 2.454360015690326691e-03
2.174403228637434085e-02 1.087525606155395508e+00 2.439327305182814598e-03
2.185640452148405674e-02 1.074646353721618652e+00 2.405026229098439217e-03
2.196877675659376916e-02 1.064405441284179688e+00 2.392240101471543312e-03
2.208114899170348505e-02 1.051621317863464355e+00 2.370477188378572464e-03
2.219352122681320094e-02 1.041834712028503418e+00 2.344539854675531387e-03
2.230589346192291683e-02 1.032744884490966797e+00 2.330376300960779190e-03
2.241826569703262925e-02 1.028327345848083496e+00 2.320847474038600922e-03
2.253063793214234514e-02 1.020005345344543457e+00 2.299014013260602951e-03
2.264301016725205756e-02 1.009319901466369629e+00 2.282231813296675682e-03
2.275538240236177345e-02 1.002499818801879883e+00 2.272718586027622223e-03
2.286775463747148934e-02 9.921145439147949219e-01 2.247718628495931625e-03
2.298012687258120523e-02 9.789947867393493652e-01 2.228142693638801575e-03
2.309249910769091765e-02 9.784812927246093750e-01 2.225208096206188202e-03
2.320487134280063354e-02 9.675520062446594238e-01 2.199955517426133156e-03
2.331724357791034596e-02 9.589414000511169434e-01 2.186168218031525612e-03
2.342961581302006185e-02 9.536833167076110840e-01 2.177540678530931473e-03
2.354198804812977774e-02 9.460819959640502930e-01 2.157658338546752930e-03
2.365436028323949363e-02 9.381320476531982422e-01 2.143126446753740311e-03
2.376673251834920605e-02 9.296677112579345703e-01 2.131862565875053406e-03
2.387910475345892194e-02 9.228575229644775391e-01 2.116796094924211502e-03
2.399147698856863437e-02 9.149532318115234375e-01 2.101253485307097435e-03
2.410384922367835026e-02 9.079350233078002930e-01 2.093034330755472183e-03
2.421622145878806615e-02 9.026561379432678223e-01 2.077424200251698494e-03
2.432859369389778204e-02 8.929039835929870605e-01 2.058404963463544846e-03
2.444096592900749446e-02 8.871591687202453613e-01 2.052902942523360252e-03
2.455333816411721035e-02 8.770675063133239746e-01 2.032733522355556488e-03
2.466571039922692277e-02 8.706588745117187500e-01 2.019286854192614555e-03
2.477808263433663866e-02 8.624988198280334473e-01 2.007876522839069366e-03
2.489045486944635455e-02 8.570297956466674805e-01 1.995329512283205986e-03
2.500282710455607044e-02 8.492535948753356934e-01 1.979093067348003387e-03
2.511519933966578286e-02 8.420229554176330566e-01 1.970427343621850014e-03
2.522757157477549875e-02 8.391559123992919922e-01 1.962351379916071892e-03
2.533994380988521117e-02 8.362924456596374512e-01 1.951412879861891270e-03
2.545231604499492706e-02 8.265854716300964355e-01 1.940198475494980812e-03
2.556468828010464295e-02 8.192831873893737793e-01 1.924594980664551258e-03
2.567706051521435884e-02 8.131569623947143555e-01 1.911787199787795544e-03
2.578943275032407126e-02 8.073815703392028809e-01 1.903159427456557751e-03
2.590180498543378368e-02 8.027440905570983887e-01 1.893057487905025482e-03
2.601417722054349957e-02 8.000627756118774414e-01 1.882826560176908970e-03
2.612654945565321546e-02 7.896456122398376465e-01 1.868483261205255985e-03
2.623892169076293135e-02 7.851888537406921387e-01 1.859627198427915573e-03
2.635129392587264377e-02 7.790875434875488281e-01 1.846359577029943466e-03
2.646366616098235966e-02 7.708560824394226074e-01 1.832454581744968891e-03
2.657603839609207208e-02 7.656694650650024414e-01 1.826819265261292458e-03
2.668841063120178797e-02 7.626386284828186035e-01 1.816183677874505520e-03
2.680078286631150386e-02 7.574480175971984863e-01 1.805481384508311749e-03
2.691315510142121975e-02 7.507510185241699219e-01 1.796668278984725475e-03
2.702552733653093217e-02 7.468572258949279785e-01 1.785489264875650406e-03
2.713789957164064806e-02 7.398657798767089844e-01 1.774486154317855835e-03
2.725027180675036048e-02 7.358155846595764160e-01 1.767294364981353283e-03
2.736264404186007637e-02 7.307177186012268066e-01 1.755409757606685162e-03
2.747501627696979226e-02 7.243490219116210938e-01 1.743649947457015514e-03
2.758738851207950815e-02 7.216774821281433105e-01 1.739844330586493015e-03
2.769976074718922057e-02 7.172257304191589355e-01 1.728832954540848732e-03
2.781213298229893646e-02 7.118113636970520020e-01 1.721161184832453728e-03
2.792450521740864888e-02 7.059972882270812988e-01 1.711840857751667500e-03
2.803687745251836477e-02 7.016535401344299316e-01 1.700610038824379444e-03
2.814924968762808066e-02 6.972650289535522461e-01 1.693438040092587471e-03
2.826162192273779655e-02 6.885860562324523926e-01 1.679934212006628513e-03
2.837399415784750897e-02 6.864426136016845703e-01 1.671040779910981655e-03
2.848636639295722486e-02 6.826143860816955566e-01 1.666786265559494495e-03
2.859873862806693728e-02 6.768187880516052246e-01 1.656107255257666111e-03
2.871111086317665317e-02 6.750163435935974121e-01 1.648356090299785137e-03
2.882348309828636906e-02 6.705043315887451172e-01 1.643000170588493347e-03
2.893585533339608495e-02 6.632925271987915039e-01 1.628694706596434116e-03
2.904822756850579737e-02 6.620053052902221680e-01 1.624017022550106049e-03
2.916059980361551326e-02 6.567836999893188477e-01 1.617635716684162617e-03
2.927297203872522569e-02 6.524113416671752930e-01 1.608273829333484173e-03
2.938534427383494158e-02 6.450149416923522949e-01 1.594121567904949188e-03
2.949771650894465747e-02 6.406710147857666016e-01 1.588438171893358231e-03
2.961008874405437336e-02 6.376491189002990723e-01 1.580958720296621323e-03
2.972246097916408578e-02 6.349322795867919922e-01 1.572629436850547791e-03
2.983483321427380167e-02 6.304523348808288574e-01 1.567819737829267979e-03
2.994720544938351409e-02 6.258090734481811523e-01 1.557944924570620060e-03
3.005957768449322998e-02 6.229592561721801758e-01 1.548268017359077930e-03
3.017194991960294587e-02 6.188275814056396484e-01 1.544294413179159164e-03
3.028432215471266176e-02 6.130188107490539551e-01 1.533957663923501968e-03
3.039669438982237418e-02 6.109077334403991699e-01 1.526046660728752613e-03
3.050906662493209007e-02 6.052652597427368164e-01 1.518480014055967331e-03
3.062143886004180249e-02 6.042855978012084961e-01 1.514898031018674374e-03
3.073381109515151838e-02 5.978152751922607422e-01 1.501031918451189995e-03
3.084618333026123427e-02 5.926634073257446289e-01 1.494382042437791824e-03
3.095855556537095016e-02 5.920153856277465820e-01 1.492342445999383926e-03
3.107092780048066258e-02 5.880962014198303223e-01 1.479905331507325172e-03
3.118330003559037847e-02 5.840622782707214355e-01 1.475848956033587456e-03
3.129567227070009783e-02 5.823267698287963867e-01 1.471508061513304710e-03
3.140804450580980678e-02 5.785828828811645508e-01 1.460875151678919792e-03
3.152041674091951573e-02 5.722963809967041016e-01 1.452538068406283855e-03
3.163278897602923856e-02 5.687887668609619141e-01 1.446418347768485546e-03
3.174516121113894751e-02 5.694947242736816406e-01 1.442714827135205269e-03
3.185753344624867034e-02 5.672670006752014160e-01 1.439267769455909729e-03
3.196990568135837929e-02 5.626989603042602539e-01 1.456743804737925529e-03
3.208227791646809518e-02 5.605599284172058105e-01 1.471346942707896233e-03
3.219465015157781107e-02 5.551088452339172363e-01 1.474177697673439980e-03
3.230702238668752002e-02 5.488057136535644531e-01 1.469992217607796192e-03
3.241939462179724285e-02 5.452588796615600586e-01 1.466190791688859463e-03
3.253176685690695180e-02 5.432421565055847168e-01 1.465159468352794647e-03
3.264413909201667463e-02 5.434121489524841309e-01 1.469104434363543987e-03
3.275651132712638358e-02 5.354158878326416016e-01 1.457355567254126072e-03
3.286888356223609253e-02 5.348988771438598633e-01 1.458194339647889137e-03
3.298125579734581536e-02 5.316767096519470215e-01 1.456483267247676849e-03
3.309362803245552431e-02 5.296939015388488770e-01 1.452817698009312153e-03
3.320600026756524714e-02 5.237899422645568848e-01 1.445258269086480141e-03
3.331837250267495609e-02 5.234329104423522949e-01 1.447460497729480267e-03
3.343074473778467198e-02 5.203397274017333984e-01 1.441274187527596951e-03
3.354311697289438787e-02 5.177276730537414551e-01 1.437118626199662685e-03
3.365548920800409682e-02 5.131153464317321777e-01 1.433997647836804390e-03
3.376786144311381965e-02 5.133655071258544922e-01 1.416670973412692547e-03
3.388023367822352860e-02 5.107929706573486328e-01 1.384250936098396778e-03
3.399260591333325143e-02 5.068497061729431152e-01 1.369654666632413864e-03
3.410497814844296038e-02 5.030793547630310059e-01 1.357305445708334446e-03
3.421735038355266934e-02 5.017109513282775879e-01 1.350267557427287102e-03
3.432972261866239216e-02 4.961383938789367676e-01 1.341130118817090988e-03
3.444209485377210112e-02 4.935410320758819580e-01 1.330828061327338219e-03
3.455446708888182394e-02 4.902864992618560791e-01 1.322326133958995342e-03
3.466683932399153290e-02 4.882628321647644043e-01 1.318277325481176376e-03
3.477921155910124185e-02 4.821663796901702881e-01 1.305785495787858963e-03
3.489158379421096468e-02 4.800821244716644287e-01 1.298904186114668846e-03
3.500395602932067363e-02 4.820372462272644043e-01 1.299477997235953808e-03
3.511632826443039646e-02 4.786691665649414062e-01 1.291512860916554928e-03
3.522870049954010541e-02 4.732899665832519531e-01 1.280205440707504749e-03
3.534107273464982130e-02 4.717274904251098633e-01 1.277321018278598785e-03
3.545344496975953719e-02 4.705603122711181641e-01 1.272457651793956757e-03
3.556581720486924614e-02 4.664622545242309570e-01 1.262934063561260700e-03
3.567818943997896897e-02 4.644545614719390869e-01 1.257789903320372105e-03
3.579056167508867792e-02 4.642715156078338623e-01 1.258434727787971497e-03
3.590293391019840075e-02 4.596389830112457275e-01 1.247003441676497459e-03
3.601530614530810970e-02 4.562639296054840088e-01 1.241572899743914604e-03
3.612767838041781865e-02 4.526097476482391357e-01 1.234396593645215034e-03
3.624005061552754148e-02 4.490132927894592285e-01 1.226258696988224983e-03
3.635242285063725043e-02 4.488080739974975586e-01 1.231728121638298035e-03
3.646479508574697326e-02 4.470959603786468506e-01 1.252079033292829990e-03
3.657716732085668221e-02 4.449517428874969482e-01 1.257312949746847153e-03
3.668953955596639810e-02 4.426900148391723633e-01 1.257872441783547401e-03
3.680191179107611399e-02 4.401654601097106934e-01 1.258167671039700508e-03
3.691428402618582294e-02 4.374403953552246094e-01 1.255243434570729733e-03
3.702665626129554577e-02 4.326880872249603271e-01 1.250300440005958080e-03
3.713902849640525472e-02 4.338404536247253418e-01 1.253090100362896919e-03
3.725140073151497755e-02 4.302816689014434814e-01 1.247773412615060806e-03
3.736377296662468650e-02 4.293208122253417969e-01 1.249265158548951149e-03
3.747614520173439545e-02 4.243752956390380859e-01 1.242320402525365353e-03
3.758851743684411828e-02 4.236176311969757080e-01 1.239683362655341625e-03
3.770088967195382723e-02 4.218856096267700195e-01 1.239052158780395985e-03
3.781326190706355006e-02 4.178649187088012695e-01 1.232891809195280075e-03
3.792563414217325901e-02 4.155026078224182129e-01 1.229588291607797146e-03
3.803800637728297490e-02 4.140897095203399658e-01 1.229184679687023163e-03
3.815037861239269079e-02 4.133162796497344971e-01 1.226120046339929104e-03
3.826275084750239974e-02 4.104810357093811035e-01 1.220921054482460022e-03
3.837512308261212257e-02 4.082457125186920166e-01 1.220721635036170483e-03
3.848749531772183152e-02 4.055322408676147461e-01 1.216062344610691071e-03
3.859986755283155435e-02 4.036062955856323242e-01 1.211380935274064541e-03
3.871223978794126330e-02 3.995953500270843506e-01 1.207694760523736477e-03
3.882461202305097225e-02 3.976455926895141602e-01 1.203748048283159733e-03
3.893698425816069508e-02 3.942922651767730713e-01 1.196196652017533779e-03
3.904935649327040403e-02 3.938918113708496094e-01 1.197384670376777649e-03
3.916172872838012686e-02 3.933984339237213135e-01 1.195005257613956928e-03
3.927410096348983581e-02 3.908109366893768311e-01 1.190467854030430317e-03
3.938647319859955170e-02 3.878744840621948242e-01 1.188293099403381348e-03
3.949884543370926759e-02 3.864988386631011963e-01 1.186019740998744965e-03
3.961121766881897654e-02 3.849710822105407715e-01 1.181130064651370049e-03
3.972358990392869937e-02 3.800794780254364014e-01 1.174569712020456791e-03
3.983596213903840833e-02 3.802695870399475098e-01 1.174612902104854584e-03
3.994833437414813115e-02 3.791849315166473389e-01 1.172380987554788589e-03
4.006070660925784011e-02 3.746205866336822510e-01 1.165710971690714359e-03
4.017307884436754906e-02 3.760305345058441162e-01 1.167076290585100651e-03
4.028545107947727189e-02 3.739067912101745605e-01 1.160711864940822124e-03
4.039782331458698084e-02 3.696445524692535400e-01 1.156070036813616753e-03
4.051019554969670367e-02 3.686712682247161865e-01 1.155087957158684731e-03
4.062256778480641262e-02 3.690567612648010254e-01 1.151954405941069126e-03
4.073494001991612157e-02 3.661090135574340820e-01 1.149179181084036827e-03
4.084731225502584440e-02 3.634314239025115967e-01 1.145925256423652172e-03
4.095968449013555335e-02 3.626414835453033447e-01 1.140934997238218784e-03
4.107205672524527618e-02 3.599329888820648193e-01 1.137544866651296616e-03
4.118442896035498513e-02 3.590846955776214600e-01 1.137208659201860428e-03
4.129680119546470102e-02 3.554304242134094238e-01 1.128539675846695900e-03
4.140917343057441691e-02 3.535706698894500732e-01 1.126510440371930599e-03
4.152154566568412586e-02 3.522375524044036865e-01 1.125585171394050121e-03
4.163391790079384869e-02 3.504669070243835449e-01 1.119297579862177372e-03
4.174629013590355764e-02 3.486048281192779541e-01 1.116698724217712879e-03
4.185866237101328047e-02 3.498677611351013184e-01 1.119611784815788269e-03
4.197103460612298942e-02 3.465887308120727539e-01 1.111377612687647343e-03
4.208340684123269837e-02 3.458972275257110596e-01 1.110440352931618690e-03
4.219577907634242120e-02 3.416940569877624512e-01 1.104763010516762733e-03
4.230815131145213015e-02 3.405560553073883057e-01 1.099467976018786430e-03
4.242052354656185298e-02 3.380565047264099121e-01 1.095658051781356335e-03
4.253289578167156193e-02 3.364478647708892822e-01 1.095017651095986366e-03
4.264526801678127782e-02 3.351689875125885010e-01 1.091492478735744953e-03
4.275764025189099371e-02 3.327987492084503174e-01 1.085017225705087185e-03
4.287001248700070266e-02 3.316952884197235107e-01 1.085396739654242992e-03
4.298238472211042549e-02 3.305620551109313965e-01 1.080580055713653564e-03
4.309475695722013444e-02 3.283831477165222168e-01 1.076441956683993340e-03
4.320712919232985727e-02 3.274025022983551025e-01 1.076157088391482830e-03
4.331950142743956622e-02 3.249569237232208252e-01 1.070617232471704483e-03
4.343187366254927517e-02 3.232113122940063477e-01 1.067021163180470467e-03
4.354424589765899800e-02 3.219738602638244629e-01 1.065641641616821289e-03
4.365661813276870695e-02 3.223585486412048340e-01 1.064591458998620510e-03
4.376899036787842978e-02 3.201245069503784180e-01 1.060097827576100826e-03
4.388136260298813873e-02 3.171586692333221436e-01 1.055401633493602276e-03
4.399373483809785462e-02 3.163329064846038818e-01 1.053782994858920574e-03
4.410610707320757051e-02 3.142848014831542969e-01 1.048409030772745609e-03
4.421847930831727946e-02 3.136425018310546875e-01 1.047278870828449726e-03
4.433085154342700229e-02 3.102941215038299561e-01 1.040517934598028660e-03
4.444322377853671124e-02 3.098540902137756348e-01 1.038986374624073505e-03
4.455559601364643407e-02 3.092419803142547607e-01 1.038756570778787136e-03
4.466796824875614302e-02 3.075718283653259277e-01 1.034720451571047306e-03
4.478034048386585197e-02 3.060511946678161621e-01 1.030748710036277771e-03
4.489271271897557480e-02 3.041263222694396973e-01 1.028261729516088963e-03
4.500508495408528375e-02 3.053478300571441650e-01 1.029717037454247475e-03
4.511745718919500658e-02 2.999396026134490967e-01 1.018324517644941807e-03
4.522982942430471553e-02 3.007768094539642334e-01 1.020722906105220318e-03
4.534220165941443142e-02 3.000374436378479004e-01 1.018626033328473568e-03
4.545457389452414732e-02 2.967716157436370850e-01 1.012506661936640739e-03
4.556694612963385627e-02 2.943174540996551514e-01 1.007317332550883293e-03
4.567931836474357910e-02 2.942797541618347168e-01 1.007450977340340614e-03
4.579169059985328805e-02 2.967491447925567627e-01 1.009703148156404495e-03
4.590406283496301088e-02 2.947492897510528564e-01 1.022944459691643715e-03
4.601643507007271983e-02 2.918401360511779785e-01 1.038146903738379478e-03
4.612880730518242878e-02 2.903568446636199951e-01 1.045905402861535549e-03
4.624117954029215161e-02 2.884779572486877441e-01 1.048879581503570080e-03
4.635355177540186056e-02 2.867860794067382812e-01 1.049400889314711094e-03
4.646592401051158339e-02 2.889593541622161865e-01 1.042338903062045574e-03
4.657829624562129234e-02 2.875773310661315918e-01 1.025018282234668732e-03
4.669066848073100129e-02 2.835489213466644287e-01 1.010818523354828358e-03
4.680304071584072412e-02 2.850289344787597656e-01 1.010684180073440075e-03
4.691541295095043307e-02 2.821874320507049561e-01 1.008675084449350834e-03
4.702778518606015590e-02 2.797656953334808350e-01 1.003384124487638474e-03
4.714015742116986485e-02 2.790144085884094238e-01 9.993715211749076843e-04
4.725252965627958074e-02 2.772520482540130615e-01 9.950469247996807098e-04
4.736490189138929663e-02 2.779695391654968262e-01 9.946329519152641296e-04
4.747727412649900558e-02 2.730366885662078857e-01 9.823346044868230820e-04
4.758964636160872841e-02 2.745709717273712158e-01 9.860653663054108620e-04
4.770201859671843736e-02 2.737363278865814209e-01 9.818705730140209198e-04
4.781439083182816019e-02 2.722723484039306641e-01 9.763498092070221901e-04
4.792676306693786914e-02 2.675506770610809326e-01 9.685715194791555405e-04
4.803913530204757809e-02 2.695147693157196045e-01 9.712288156151771545e-04
4.815150753715730092e-02 2.678897380828857422e-01 9.668001439422369003e-04
4.826387977226700987e-02 2.677274644374847412e-01 9.667472331784665585e-04
4.837625200737673270e-02 2.650582194328308105e-01 9.600617340765893459e-04
4.848862424248644165e-02 2.641294002532958984e-01 9.557624580338597298e-04
4.860099647759615754e-02 2.611169517040252686e-01 9.505922207608819008e-04
4.871336871270587343e-02 2.622892260551452637e-01 9.522556792944669724e-04
4.882574094781558238e-02 2.602295875549316406e-01 9.459443390369415283e-04
4.893811318292530521e-02 2.580952346324920654e-01 9.425074094906449318e-04
4.905048541803501416e-02 2.569026350975036621e-01 9.399121627211570740e-04
4.916285765314473699e-02 2.561219930648803711e-01 9.366192971356213093e-04
4.927522988825444594e-02 2.547277510166168213e-01 9.342806879431009293e-04
4.938760212336415489e-02 2.543442249298095703e-01 9.326369035989046097e-04
4.949997435847387772e-02 2.539700567722320557e-01 9.307177388109266758e-04
4.961234659358358667e-02 2.497589886188507080e-01 9.233269956894218922e-04
4.972471882869330950e-02 2.501394152641296387e-01 9.225195390172302723e-04
4.983709106380301845e-02 2.495483160018920898e-01 9.183883666992187500e-04
4.994946329891273434e-02 2.465150803327560425e-01 9.122706251218914986e-04
5.006183553402245023e-02 2.465384751558303833e-01 9.116890723817050457e-04
5.017420776913215918e-02 2.455829232931137085e-01 9.066022466868162155e-04
5.028658000424188201e-02 2.458645105361938477e-01 9.053866378962993622e-04
5.039895223935159096e-02 2.447712123394012451e-01 9.032848756760358810e-04
5.051132447446131379e-02 2.428872585296630859e-01 8.987121982499957085e-04
5.062369670957102274e-02 2.413708120584487915e-01 8.967683534137904644e-04
5.073606894468073170e-02 2.393957674503326416e-01 8.944635628722608089e-04
5.084844117979045452e-02 2.378955930471420288e-01 8.904735441319644451e-04
5.096081341490016348e-02 2.370308339595794678e-01 8.901969413273036480e-04
5.107318565000988630e-02 2.390698939561843872e-01 8.949388284236192703e-04
5.118555788511959526e-02 2.354680150747299194e-01 8.854856132529675961e-04
5.129793012022931115e-02 2.369063496589660645e-01 8.888995507732033730e-04
5.141030235533902704e-02 2.337533831596374512e-01 8.826042176224291325e-04
5.152267459044873599e-02 2.347272485494613647e-01 8.834524196572601795e-04
5.163504682555845882e-02 2.321512997150421143e-01 8.781492360867559910e-04
5.174741906066816777e-02 2.299008816480636597e-01 8.740049670450389385e-04
5.185979129577788366e-02 2.298928052186965942e-01 8.717351011000573635e-04
5.197216353088759955e-02 2.311172187328338623e-01 8.737522293813526630e-04
5.208453576599730850e-02 2.281361967325210571e-01 8.689648821018636227e-04
5.219690800110703133e-02 2.248768210411071777e-01 8.606853079982101917e-04
5.230928023621674028e-02 2.265019416809082031e-01 8.629832882434129715e-04
5.242165247132646311e-02 2.252963334321975708e-01 8.613038226030766964e-04
5.253402470643617206e-02 2.237131446599960327e-01 8.573561790399253368e-04
5.264639694154588101e-02 2.229768484830856323e-01 8.540486451238393784e-04
5.275876917665560384e-02 2.224784195423126221e-01 8.544484153389930725e-04
5.287114141176531279e-02 2.214690595865249634e-01 8.515370427630841732e-04
5.298351364687503562e-02 2.206807136535644531e-01 8.484154823236167431e-04
5.309588588198474457e-02 2.194687277078628540e-01 8.466462022624909878e-04
5.320825811709446046e-02 2.176958322525024414e-01 8.420887752436101437e-04
5.332063035220417635e-02 2.175782471895217896e-01 8.401636150665581226e-04
5.343300258731388530e-02 2.163007408380508423e-01 8.389406139031052589e-04
5.354537482242360813e-02 2.163426131010055542e-01 8.377394406124949455e-04
5.365774705753331708e-02 2.159829586744308472e-01 8.361017098650336266e-04
5.377011929264303991e-02 2.151800245046615601e-01 8.346329559572041035e-04
5.388249152775274886e-02 2.144512981176376343e-01 8.321474888361990452e-04
5.399486376286245781e-02 2.114322632551193237e-01 8.255811408162117004e-04
5.410723599797218064e-02 2.112157791852951050e-01 8.261501789093017578e-04
5.421960823308188959e-02 2.101165354251861572e-01 8.231964311562478542e-04
5.433198046819161242e-02 2.098478525876998901e-01 8.207321516238152981e-04
5.444435270330132137e-02 2.107913047075271606e-01 8.218339644372463226e-04
5.455672493841103726e-02 2.093909531831741333e-01 8.193069952540099621e-04
5.466909717352075315e-02 2.071403712034225464e-01 8.139539859257638454e-04
5.478146940863046210e-02 2.062296867370605469e-01 8.112913346849381924e-04
5.489384164374018493e-02 2.062080949544906616e-01 8.119406411424279213e-04
5.500621387884989388e-02 2.052318453788757324e-01 8.087514434009790421e-04
5.511858611395961671e-02 2.043873071670532227e-01 8.071170886978507042e-04
5.523095834906932566e-02 2.022431045770645142e-01 8.027879521250724792e-04
5.534333058417903461e-02 2.019583880901336670e-01 8.009582525119185448e-04
5.545570281928875744e-02 2.006671875715255737e-01 7.976259221322834492e-04
5.556807505439846639e-02 2.005463093519210815e-01 7.974734180606901646e-04
5.568044728950818922e-02 1.988892257213592529e-01 7.935648900456726551e-04
5.579281952461789817e-02 1.993500888347625732e-01 7.937129703350365162e-04
5.590519175972761406e-02 1.970829963684082031e-01 7.894170121289789677e-04
5.601756399483732995e-02 1.971375942230224609e-01 7.870644913055002689e-04
5.612993622994703891e-02 1.960178166627883911e-01 7.840461330488324165e-04
5.624230846505676173e-02 1.939003616571426392e-01 7.796238642185926437e-04
5.635468070016647069e-02 1.932825744152069092e-01 7.764365873299539089e-04
5.646705293527619351e-02 1.924579590559005737e-01 7.741412846371531487e-04
5.657942517038590247e-02 1.931028068065643311e-01 7.757509010843932629e-04
5.669179740549561142e-02 1.915305107831954956e-01 7.705548778176307678e-04
5.680416964060533425e-02 1.924671381711959839e-01 7.742557208985090256e-04
5.691654187571504320e-02 1.893445998430252075e-01 7.662762072868645191e-04
5.702891411082476603e-02 1.888630837202072144e-01 7.650349289178848267e-04
5.714128634593447498e-02 1.881093233823776245e-01 7.652213098481297493e-04
5.725365858104419087e-02 1.889114975929260254e-01 7.669135811738669872e-04
5.736603081615390676e-02 1.880013346672058105e-01 7.648770115338265896e-04
5.747840305126361571e-02 1.869049519300460815e-01 7.634211797267198563e-04
5.759077528637333854e-02 1.842235177755355835e-01 7.570163579657673836e-04
5.770314752148304749e-02 1.843470335006713867e-01 7.553306641057133675e-04
5.781551975659276338e-02 1.840631812810897827e-01 7.563782855868339539e-04
5.792789199170247927e-02 1.844890117645263672e-01 7.559378864243626595e-04
5.804026422681218822e-02 1.827271282672882080e-01 7.512987358495593071e-04
5.815263646192191105e-02 1.790418177843093872e-01 7.445566006936132908e-04
5.826500869703162000e-02 1.810558885335922241e-01 7.473151781596243382e-04
5.837738093214134283e-02 1.807781755924224854e-01 7.454068399965763092e-04
5.848975316725105178e-02 1.812263429164886475e-01 7.583234691992402077e-04
5.860212540236076073e-02 1.799693107604980469e-01 7.671249331906437874e-04
5.871449763747048356e-02 1.782438158988952637e-01 7.665652083232998848e-04
5.882686987258019251e-02 1.788946539163589478e-01 7.709937635809183121e-04
5.893924210768991534e-02 1.772937327623367310e-01 7.696886896155774593e-04
5.905161434279962429e-02 1.752576082944869995e-01 7.664288277737796307e-04
5.916398657790934018e-02 1.753471046686172485e-01 7.703805458731949329e-04
5.927635881301905607e-02 1.746560484170913696e-01 7.703828159719705582e-04
5.938873104812876502e-02 1.735805720090866089e-01 7.681500865146517754e-04
5.950110328323848785e-02 1.736339479684829712e-01 7.698169793002307415e-04
5.961347551834819680e-02 1.732855588197708130e-01 7.713481900282204151e-04
5.972584775345791963e-02 1.720796525478363037e-01 7.702748989686369896e-04
5.983821998856762858e-02 1.718877255916595459e-01 7.719347486272454262e-04
5.995059222367733753e-02 1.715124398469924927e-01 7.714307866990566254e-04
6.006296445878706036e-02 1.721888482570648193e-01 7.732035010121762753e-04
6.017533669389676931e-02 1.698054373264312744e-01 7.698772824369370937e-04
6.028770892900649214e-02 1.692791730165481567e-01 7.707098266109824181e-04
6.040008116411620109e-02 1.677982658147811890e-01 7.673557265661656857e-04
6.051245339922591698e-02 1.672883480787277222e-01 7.675548549741506577e-04
6.062482563433563287e-02 1.664728820323944092e-01 7.682931027375161648e-04
6.073719786944534182e-02 1.654658019542694092e-01 7.662096759304404259e-04
6.084957010455506465e-02 1.643944680690765381e-01 7.642681594006717205e-04
6.096194233966477360e-02 1.643621623516082764e-01 7.657772512175142765e-04
6.107431457477449643e-02 1.642299443483352661e-01 7.641546544618904591e-04
6.118668680988420538e-02 1.630721837282180786e-01 7.641609990969300270e-04
6.129905904499391434e-02 1.628043800592422485e-01 7.641278789378702641e-04
6.141143128010363716e-02 1.624400913715362549e-01 7.645482546649873257e-04
6.152380351521334612e-02 1.615053415298461914e-01 7.619213429279625416e-04
6.163617575032306894e-02 1.622715145349502563e-01 7.655431400053203106e-04
6.174854798543277790e-02 1.608166098594665527e-01 7.623894489370286465e-04
6.186092022054249379e-02 1.604493558406829834e-01 7.626978331245481968e-04
6.197329245565220968e-02 1.595697551965713501e-01 7.607032894156873226e-04
6.208566469076191863e-02 1.596704721450805664e-01 7.616829825565218925e-04
6.219803692587164146e-02 1.574723571538925171e-01 7.576317293569445610e-04
6.231040916098135041e-02 1.569857746362686157e-01 7.572865579277276993e-04
6.242278139609107324e-02 1.565070897340774536e-01 7.564806146547198296e-04
6.253515363120078219e-02 1.559938341379165649e-01 7.557612261734902859e-04
6.264752586631050502e-02 1.544807255268096924e-01 7.532365270890295506e-04
6.275989810142021397e-02 1.558781564235687256e-01 7.574549526907503605e-04
6.287227033652992292e-02 1.543590426445007324e-01 7.535040494985878468e-04
6.298464257163963187e-02 1.539445817470550537e-01 7.545074913650751114e-04
6.309701480674935470e-02 1.532516181468963623e-01 7.525476394221186638e-04
6.320938704185907753e-02 1.537191122770309448e-01 7.543347310274839401e-04
6.332175927696878648e-02 1.524847745895385742e-01 7.519687060266733170e-04
6.343413151207849543e-02 1.528572142124176025e-01 7.530126022174954414e-04
6.354650374718820438e-02 1.509339362382888794e-01 7.500660722143948078e-04
6.365887598229792721e-02 1.506776064634323120e-01 7.492808508686721325e-04
6.377124821740765004e-02 1.498735249042510986e-01 7.469431729987263680e-04
6.388362045251735899e-02 1.493590623140335083e-01 7.460918277502059937e-04
6.399599268762706794e-02 1.488987058401107788e-01 7.459298358298838139e-04
6.410836492273679077e-02 1.493414342403411865e-01 7.474097656086087227e-04
6.422073715784649972e-02 1.486652940511703491e-01 7.461729110218584538e-04
6.433310939295622255e-02 1.482967436313629150e-01 7.460421184077858925e-04
6.444548162806593150e-02 1.468751728534698486e-01 7.432382553815841675e-04
6.455785386317564045e-02 1.465288996696472168e-01 7.429534452967345715e-04
6.467022609828536328e-02 1.463772356510162354e-01 7.423776551149785519e-04
6.478259833339507223e-02 1.457471549510955811e-01 7.421154296025633812e-04
6.489497056850479506e-02 1.444773674011230469e-01 7.383124320767819881e-04
6.500734280361450401e-02 1.437444835901260376e-01 7.367167854681611061e-04
6.511971503872421296e-02 1.429997235536575317e-01 7.358829025179147720e-04
6.523208727383393579e-02 1.425652652978897095e-01 7.349394145421683788e-04
6.534445950894365862e-02 1.419424563646316528e-01 7.341294549405574799e-04
6.545683174405336757e-02 1.418919414281845093e-01 7.352544344030320644e-04
6.556920397916307652e-02 1.398774236440658569e-01 7.295305840671062469e-04
6.568157621427278547e-02 1.414547264575958252e-01 7.355135167017579079e-04
6.579394844938250830e-02 1.401232182979583740e-01 7.319321157410740852e-04
6.590632068449223113e-02 1.392879039049148560e-01 7.293547969311475754e-04
6.601869291960194008e-02 1.408161818981170654e-01 7.342454046010971069e-04
6.613106515471164903e-02 1.385473608970642090e-01 7.290526991710066795e-04
6.624343738982135799e-02 1.374190449714660645e-01 7.255330565385520458e-04
6.635580962493108081e-02 1.376187801361083984e-01 7.268598419614136219e-04
6.646818186004080364e-02 1.360178291797637939e-01 7.231044000945985317e-04
6.658055409515051259e-02 1.351812630891799927e-01 7.213861099444329739e-04
6.669292633026022155e-02 1.367860585451126099e-01 7.265566964633762836e-04
6.680529856536994437e-02 1.348434239625930786e-01 7.222348358482122421e-04
6.691767080047965333e-02 1.348480433225631714e-01 7.209990289993584156e-04
6.703004303558937615e-02 1.347757279872894287e-01 7.224206929095089436e-04
6.714241527069908511e-02 1.348031610250473022e-01 7.219960098154842854e-04
6.725478750580879406e-02 1.341262906789779663e-01 7.204732391983270645e-04
6.736715974091851689e-02 1.338898688554763794e-01 7.209602626971900463e-04
6.747953197602822584e-02 1.326997876167297363e-01 7.187341689132153988e-04
6.759190421113794867e-02 1.329584121704101562e-01 7.174414931796491146e-04
6.770427644624765762e-02 1.331936568021774292e-01 7.197856320999562740e-04
6.781664868135736657e-02 1.304036080837249756e-01 7.130615413188934326e-04
6.792902091646708940e-02 1.305302381515502930e-01 7.127833669073879719e-04
6.804139315157681223e-02 1.309999227523803711e-01 7.155717466957867146e-04
6.815376538668652118e-02 1.293408870697021484e-01 7.115177577361464500e-04
6.826613762179623013e-02 1.302706301212310791e-01 7.129384321160614491e-04
6.837850985690593908e-02 1.294960230588912964e-01 7.116026827134191990e-04
6.849088209201566191e-02 1.289665251970291138e-01 7.116759661585092545e-04
6.860325432712538474e-02 1.284934431314468384e-01 7.100412622094154358e-04
6.871562656223509369e-02 1.297904700040817261e-01 7.130119483917951584e-04
6.882799879734480264e-02 1.282692253589630127e-01 7.099394570104777813e-04
6.894037103245451159e-02 1.287349909543991089e-01 7.116589113138616085e-04
6.905274326756423442e-02 1.279954314231872559e-01 7.103872485458850861e-04
6.916511550267395725e-02 1.261923909187316895e-01 7.065135287120938301e-04
6.927748773778366620e-02 1.255439519882202148e-01 7.044941885396838188e-04
6.938985997289337515e-02 1.251868754625320435e-01 7.035869057290256023e-04
6.950223220800308410e-02 1.243590191006660461e-01 7.012722780928015709e-04
6.961460444311280693e-02 1.240190938115119934e-01 7.003091741353273392e-04
6.972697667822252976e-02 1.237191036343574524e-01 7.005914812907576561e-04
6.983934891333223871e-02 1.222301647067070007e-01 6.972761475481092930e-04
6.995172114844194766e-02 1.234531849622726440e-01 7.004130166023969650e-04
7.006409338355167049e-02 1.226881220936775208e-01 6.981999613344669342e-04
7.017646561866137944e-02 1.220154166221618652e-01 6.977673037908971310e-04
7.028883785377110227e-02 1.217503547668457031e-01 6.954695563763380051e-04
7.040121008888081122e-02 1.211557686328887939e-01 6.952253752388060093e-04
7.051358232399052017e-02 1.219229772686958313e-01 6.981316837482154369e-04
7.062595455910024300e-02 1.208915561437606812e-01 6.944041815586388111e-04
7.073832679420995195e-02 1.195003315806388855e-01 6.904130568727850914e-04
7.085069902931967478e-02 1.202056854963302612e-01 6.946926005184650421e-04
7.096307126442938373e-02 1.204580068588256836e-01 6.936658173799514771e-04
7.107544349953909268e-02 1.188950687646865845e-01 6.894135149195790291e-04
7.118781573464881551e-02 1.189864873886108398e-01 6.904690526425838470e-04
7.130018796975853834e-02 1.196291893720626831e-01 6.915972917340695858e-04
7.141256020486824729e-02 1.173388808965682983e-01 6.855551619082689285e-04
7.152493243997795624e-02 1.174143254756927490e-01 6.875972030684351921e-04
7.163730467508766520e-02 1.178033426403999329e-01 6.873556994833052158e-04
7.174967691019738802e-02 1.164817735552787781e-01 6.846003234386444092e-04
7.186204914530711085e-02 1.164973974227905273e-01 6.856620311737060547e-04
7.197442138041681980e-02 1.155882850289344788e-01 6.826763856224715710e-04
7.208679361552652876e-02 1.148068830370903015e-01 6.803656578995287418e-04
7.219916585063623771e-02 1.144114360213279724e-01 6.804525037296116352e-04
7.231153808574596054e-02 1.149813011288642883e-01 6.809750921092927456e-04
7.242391032085568336e-02 1.154972836375236511e-01 6.828416371718049049e-04
7.253628255596539232e-02 1.129842177033424377e-01 6.769681931473314762e-04
7.264865479107510127e-02 1.124519780278205872e-01 6.751522887498140335e-04
7.276102702618482410e-02 1.137203946709632874e-01 6.797853857278823853e-04
7.287339926129453305e-02 1.127447709441184998e-01 6.768987514078617096e-04
7.298577149640425588e-02 1.123019009828567505e-01 6.753154448233544827e-04
7.309814373151396483e-02 1.125298514962196350e-01 6.757605588063597679e-04
7.321051596662367378e-02 1.125178784132003784e-01 6.762425182387232780e-04
7.332288820173339661e-02 1.107007041573524475e-01 6.712803151458501816e-04
7.343526043684310556e-02 1.106075718998908997e-01 6.704989937134087086e-04
7.354763267195282839e-02 1.113392934203147888e-01 6.754442583769559860e-04
7.366000490706253734e-02 1.110655441880226135e-01 6.722438265569508076e-04
7.377237714217224629e-02 1.101607233285903931e-01 6.701205275021493435e-04
7.388474937728196912e-02 1.084380969405174255e-01 6.660178769379854202e-04
7.399712161239169195e-02 1.093763262033462524e-01 6.692272145301103592e-04
7.410949384750140090e-02 1.082468926906585693e-01 6.651509320363402367e-04
7.422186608261110985e-02 1.076331734657287598e-01 6.640019128099083900e-04
7.433423831772081880e-02 1.076275184750556946e-01 6.626145914196968079e-04
7.444661055283054163e-02 1.085554361343383789e-01 6.652913871221244335e-04
7.455898278794026446e-02 1.067262738943099976e-01 6.592990248464047909e-04
7.467135502304997341e-02 1.063533127307891846e-01 6.578225875273346901e-04
7.478372725815968236e-02 1.075742691755294800e-01 6.622605142183601856e-04
7.489609949326939131e-02 1.071200296282768250e-01 6.613477016799151897e-04
7.500847172837911414e-02 1.050733327865600586e-01 6.546516087837517262e-04
7.512084396348883697e-02 1.051071882247924805e-01 6.542310002259910107e-04
7.523321619859854592e-02 1.052178740501403809e-01 6.556822336278855801e-04
7.534558843370825487e-02 1.026819348335266113e-01 6.479252479039132595e-04
7.545796066881796382e-02 1.027628034353256226e-01 6.486293859779834747e-04
7.557033290392768665e-02 1.034997925162315369e-01 6.515515851788222790e-04
7.568270513903740948e-02 1.045123115181922913e-01 6.539565511047840118e-04
7.579507737414711843e-02 1.036735028028488159e-01 6.511416868306696415e-04
7.590744960925682738e-02 1.030538976192474365e-01 6.508835358545184135e-04
7.601982184436655021e-02 1.034245640039443970e-01 6.535691791214048862e-04
7.613219407947625916e-02 1.027423366904258728e-01 6.509411032311618328e-04
7.624456631458598199e-02 1.027739793062210083e-01 6.495439447462558746e-04
7.635693854969569094e-02 1.015348955988883972e-01 6.466404884122312069e-04
7.646931078480539989e-02 1.012661010026931763e-01 6.444421596825122833e-04
7.658168301991512272e-02 1.010299474000930786e-01 6.460176082327961922e-04
7.669405525502483167e-02 1.014603301882743835e-01 6.467418861575424671e-04
7.680642749013455450e-02 9.937817603349685669e-02 6.398069090209901333e-04
7.691879972524426345e-02 1.011581793427467346e-01 6.475549307651817799e-04
7.703117196035397241e-02 9.943879395723342896e-02 6.420291028916835785e-04
7.714354419546369523e-02 9.771086275577545166e-02 6.360412226058542728e-04
7.725591643057341806e-02 9.962140768766403198e-02 6.424724124372005463e-04
7.736828866568312701e-02 9.914790093898773193e-02 6.412541843019425869e-04
7.748066090079283597e-02 9.791032224893569946e-02 6.366343586705625057e-04
7.759303313590254492e-02 9.747187048196792603e-02 6.364854052662849426e-04
7.770540537101226775e-02 9.880042076110839844e-02 6.401141872629523277e-04
7.781777760612199057e-02 9.802700579166412354e-02 6.366893649101257324e-04
7.793014984123169953e-02 9.709722548723220825e-02 6.352016935124993324e-04
7.804252207634140848e-02 9.594066441059112549e-02 6.334322970360517502e-04
7.815489431145111743e-02 9.601110219955444336e-02 6.329064490273594856e-04
7.826726654656084026e-02 9.523930400609970093e-02 6.297080544754862785e-04
7.837963878167056309e-02 9.680257737636566162e-02 6.345717702060937881e-04
7.849201101678027204e-02 9.663789719343185425e-02 6.346021546050906181e-04
7.860438325188998099e-02 9.508873522281646729e-02 6.302340771071612835e-04
7.871675548699970382e-02 9.480845183134078979e-02 6.298414082266390324e-04
7.882912772210941277e-02 9.486282616853713989e-02 6.284819100983440876e-04
7.894149995721913560e-02 9.481199085712432861e-02 6.300626555457711220e-04
7.905387219232884455e-02 9.327163547277450562e-02 6.250119186006486416e-04
7.916624442743855350e-02 9.290251135826110840e-02 6.225851248018443584e-04
7.927861666254827633e-02 9.300755709409713745e-02 6.254806066863238811e-04
7.939098889765798528e-02 9.224602580070495605e-02 6.231053266674280167e-04
7.950336113276770811e-02 9.331581741571426392e-02 6.260665832087397575e-04
7.961573336787741706e-02 9.204120188951492310e-02 6.222098018042743206e-04
7.972810560298712601e-02 9.304628521203994751e-02 6.273087346926331520e-04
7.984047783809684884e-02 9.145270287990570068e-02 6.194802699610590935e-04
7.995285007320657167e-02 9.262061119079589844e-02 6.259938236325979233e-04
8.006522230831628062e-02 9.006194025278091431e-02 6.158695905469357967e-04
8.017759454342598957e-02 9.170756489038467407e-02 6.207369151525199413e-04
8.028996677853569852e-02 9.088694304227828979e-02 6.196803878992795944e-04
8.040233901364542135e-02 9.042667597532272339e-02 6.180158816277980804e-04
8.051471124875514418e-02 9.018005430698394775e-02 6.170845590531826019e-04
8.062708348386485313e-02 8.940550684928894043e-02 6.139425677247345448e-04
8.073945571897456208e-02 8.907059580087661743e-02 6.147949607111513615e-04
8.085182795408427103e-02 9.021440148353576660e-02 6.178673356771469116e-04
8.096420018919399386e-02 8.994384855031967163e-02 6.161616765893995762e-04
8.107657242430371669e-02 8.824431151151657104e-02 6.112111732363700867e-04
8.118894465941342564e-02 8.715195953845977783e-02 6.087300716899335384e-04
8.130131689452313459e-02 8.772163093090057373e-02 6.088472437113523483e-04
8.141368912963284354e-02 8.884552121162414551e-02 6.138684693723917007e-04
8.152606136474256637e-02 8.667193353176116943e-02 6.073121330700814724e-04
8.163843359985228920e-02 8.785876631736755371e-02 6.116779986768960953e-04
8.175080583496199815e-02 8.682791143655776978e-02 6.079045706428587437e-04
8.186317807007170710e-02 8.682554960250854492e-02 6.084407214075326920e-04
8.197555030518142993e-02 8.585380762815475464e-02 6.048749783076345921e-04
8.208792254029113888e-02 8.555909991264343262e-02 6.045499467290937901e-04
8.220029477540086171e-02 8.636251837015151978e-02 6.061578751541674137e-04
8.231266701051057066e-02 8.584267646074295044e-02 6.036231643520295620e-04
8.242503924562027962e-02 8.521452546119689941e-02 6.035233964212238789e-04
8.253741148073000244e-02 8.518711477518081665e-02 6.040632724761962891e-04
8.264978371583971140e-02 8.412835747003555298e-02 5.994952516630291939e-04
8.276215595094943422e-02 8.360275626182556152e-02 5.980618298053741455e-04
8.287452818605914318e-02 8.415593206882476807e-02 5.984489107504487038e-04
8.298690042116885213e-02 8.305720984935760498e-02 5.971356877125799656e-04
8.309927265627857496e-02 8.361135423183441162e-02 5.988135235384106636e-04
8.321164489138829778e-02 8.421558141708374023e-02 6.003883318044245243e-04
8.332401712649800674e-02 8.249405026435852051e-02 5.938813555985689163e-04
8.343638936160771569e-02 8.369094878435134888e-02 5.996506661176681519e-04
8.354876159671742464e-02 8.260854333639144897e-02 5.959584959782660007e-04
8.366113383182714747e-02 8.232597261667251587e-02 5.942981224507093430e-04
8.377350606693687030e-02 8.204455673694610596e-02 5.938960821367800236e-04
8.388587830204657925e-02 8.207290619611740112e-02 5.955206579528748989e-04
8.399825053715628820e-02 8.055029064416885376e-02 5.884852726012468338e-04
8.411062277226599715e-02 8.092189580202102661e-02 5.908869788981974125e-04
8.422299500737571998e-02 8.005517721176147461e-02 5.880628013983368874e-04
8.433536724248544281e-02 8.047361671924591064e-02 5.893105408176779747e-04
8.444773947759515176e-02 8.014174550771713257e-02 5.865306011401116848e-04
8.456011171270486071e-02 8.010907471179962158e-02 5.878728698007762432e-04
8.467248394781458354e-02 7.997103780508041382e-02 5.885242135263979435e-04
8.478485618292429249e-02 7.846777141094207764e-02 5.822054808959364891e-04
8.489722841803401532e-02 7.982663065195083618e-02 5.871671601198613644e-04
8.500960065314372427e-02 7.888763397932052612e-02 5.825802800245583057e-04
8.512197288825343322e-02 7.934870570898056030e-02 5.860013188794255257e-04
8.523434512336315605e-02 7.896496355533599854e-02 5.861076642759144306e-04
8.534671735847286500e-02 7.778532803058624268e-02 5.807233392260968685e-04
8.545908959358258783e-02 7.828159630298614502e-02 5.836143973283469677e-04
8.557146182869229678e-02 7.814975827932357788e-02 5.829411675222218037e-04
8.568383406380200573e-02 7.777642458677291870e-02 5.816540797241032124e-04
8.579620629891172856e-02 7.691005617380142212e-02 5.785329849459230900e-04
8.590857853402145139e-02 7.748851180076599121e-02 5.789291462861001492e-04
8.602095076913116034e-02 7.590226829051971436e-02 5.744066438637673855e-04
8.613332300424086929e-02 7.716973870992660522e-02 5.788243142887949944e-04
8.624569523935057824e-02 7.779093086719512939e-02 5.815633339807391167e-04
8.635806747446030107e-02 7.642663270235061646e-02 5.760285421274602413e-04
8.647043970957002390e-02 7.521268725395202637e-02 5.740204942412674427e-04
8.658281194467973285e-02 7.489637285470962524e-02 5.707305972464382648e-04
8.669518417978944180e-02 7.558523118495941162e-02 5.739529151469469070e-04
8.680755641489915075e-02 7.595145702362060547e-02 5.759666673839092255e-04
8.691992865000887358e-02 7.563367486000061035e-02 5.753092700615525246e-04
8.703230088511859641e-02 7.515847682952880859e-02 5.721616907976567745e-04
8.714467312022830536e-02 7.522194087505340576e-02 5.737425526604056358e-04
8.725704535533801431e-02 7.405992597341537476e-02 5.688299424946308136e-04
8.736941759044772327e-02 7.429666072130203247e-02 5.715798470191657543e-04
8.748178982555744609e-02 7.409125566482543945e-02 5.701332120224833488e-04
8.759416206066716892e-02 7.388618588447570801e-02 5.678578745573759079e-04
8.770653429577687787e-02 7.431247085332870483e-02 5.695985164493322372e-04
8.781890653088658683e-02 7.283087819814682007e-02 5.657999427057802677e-04
8.793127876599630965e-02 7.287313789129257202e-02 5.667430232279002666e-04
8.804365100110601861e-02 7.296254485845565796e-02 5.660458700731396675e-04
8.815602323621574143e-02 7.142437994480133057e-02 5.616865237243473530e-04
8.826839547132545039e-02 7.157389819622039795e-02 5.609070649370551109e-04
8.838076770643515934e-02 7.291355729103088379e-02 5.656175781041383743e-04
8.849313994154488217e-02 7.171928137540817261e-02 5.607340135611593723e-04
8.860551217665459112e-02 7.120324671268463135e-02 5.608715000562369823e-04
8.871788441176431395e-02 7.192126661539077759e-02 5.623232573270797729e-04
8.883025664687402290e-02 7.106100022792816162e-02 5.601793527603149414e-04
8.894262888198373185e-02 7.097212225198745728e-02 5.621935124509036541e-04
8.905500111709345468e-02 7.124716043472290039e-02 5.607991479337215424e-04
8.916737335220317751e-02 6.994704157114028931e-02 5.561173311434686184e-04
8.927974558731288646e-02 7.106672972440719604e-02 5.611590459011495113e-04
8.939211782242259541e-02 7.011198997497558594e-02 5.552889197133481503e-04
8.950449005753230436e-02 7.103516906499862671e-02 5.617699935100972652e-04
8.961686229264202719e-02 6.919516623020172119e-02 5.558640114031732082e-04
8.972923452775175002e-02 6.938335299491882324e-02 5.543812876567244530e-04
8.984160676286145897e-02 6.936223804950714111e-02 5.554579547606408596e-04
8.995397899797116792e-02 6.904624402523040771e-02 5.543826846405863762e-04
9.006635123308087687e-02 6.848565489053726196e-02 5.517294048331677914e-04
9.017872346819059970e-02 6.828556954860687256e-02 5.501983105204999447e-04
9.029109570330032253e-02 6.908839195966720581e-02 5.552124930545687675e-04
9.040346793841003148e-02 6.885769218206405640e-02 5.531194037757813931e-04
9.051584017351974043e-02 6.836466491222381592e-02 5.521460552699863911e-04
9.062821240862946326e-02 6.716481596231460571e-02 5.483671557158231735e-04
9.074058464373917221e-02 6.799276918172836304e-02 5.505937733687460423e-04
9.085295687884889504e-02 6.730375438928604126e-02 5.475911311805248260e-04
9.096532911395860399e-02 6.701311469078063965e-02 5.475471261888742447e-04
9.107770134906831294e-02 6.684124469757080078e-02 5.452004261314868927e-04
9.119007358417803577e-02 6.646493822336196899e-02 5.441888351924717426e-04
9.130244581928774472e-02 6.656675040721893311e-02 5.465709837153553963e-04
9.141481805439746755e-02 6.628069281578063965e-02 5.461051478050649166e-04
9.152719028950717650e-02 6.545976549386978149e-02 5.412945756688714027e-04
9.163956252461688545e-02 6.669472157955169678e-02 5.474225617945194244e-04
9.175193475972660828e-02 6.596082448959350586e-02 5.429680459201335907e-04
9.186430699483633111e-02 6.543269753456115723e-02 5.406965501606464386e-04
9.197667922994604006e-02 6.492081284523010254e-02 5.410565063357353210e-04
9.208905146505574901e-02 6.627307832241058350e-02 5.445450078696012497e-04
9.220142370016545796e-02 6.452805548906326294e-02 5.387901328504085541e-04
9.231379593527518079e-02 6.407780200242996216e-02 5.371837178245186806e-04
9.242616817038490362e-02 6.374219805002212524e-02 5.349342245608568192e-04
9.253854040549461257e-02 6.443813443183898926e-02 5.381242372095584869e-04
9.265091264060432152e-02 6.299994140863418579e-02 5.328333936631679535e-04
9.276328487571403048e-02 6.406201422214508057e-02 5.381801165640354156e-04
9.287565711082375330e-02 6.328090280294418335e-02 5.336395115591585636e-04
9.298802934593347613e-02 6.343080103397369385e-02 5.347429541870951653e-04
9.310040158104318508e-02 6.317598372697830200e-02 5.348026752471923828e-04
9.321277381615289404e-02 6.241825968027114868e-02 5.300487973727285862e-04
9.332514605126260299e-02 6.263993680477142334e-02 5.321513745002448559e-04
9.343751828637232582e-02 6.284327059984207153e-02 5.345385288819670677e-04
9.354989052148204864e-02 6.214735656976699829e-02 5.296267918311059475e-04
9.366226275659175760e-02 6.255074590444564819e-02 5.322876386344432831e-04
9.377463499170146655e-02 6.215332075953483582e-02 5.305551458150148392e-04
9.388700722681118938e-02 6.235108897089958191e-02 5.308004911057651043e-04
9.399937946192089833e-02 6.222954392433166504e-02 5.306201637722551823e-04
9.411175169703062116e-02 6.132765486836433411e-02 5.287353997118771076e-04
9.422412393214033011e-02 6.081981211900711060e-02 5.257941083982586861e-04
9.433649616725003906e-02 6.113925576210021973e-02 5.266091320663690567e-04
9.444886840235976189e-02 6.020663678646087646e-02 5.243002087809145451e-04
9.456124063746947084e-02 6.148143485188484192e-02 5.297352327033877373e-04
9.467361287257919367e-02 6.021030992269515991e-02 5.243187770247459412e-04
9.478598510768890262e-02 6.036327034235000610e-02 5.256574950180947781e-04
9.489835734279861157e-02 6.013137474656105042e-02 5.243017803877592087e-04
9.501072957790833440e-02 5.998855456709861755e-02 5.229128291830420494e-04
9.512310181301805723e-02 5.936647579073905945e-02 5.212500691413879395e-04
9.523547404812776618e-02 5.987197533249855042e-02 5.226106732152402401e-04
9.534784628323747513e-02 5.894294008612632751e-02 5.181576707400381565e-04
9.546021851834718408e-02 5.961079150438308716e-02 5.223426269367337227e-04
9.557259075345690691e-02 5.919637158513069153e-02 5.192673997953534126e-04
9.568496298856662974e-02 5.916108563542366028e-02 5.185878253541886806e-04
9.579733522367633869e-02 5.968910828232765198e-02 5.228645750321447849e-04
9.590970745878604764e-02 5.852506309747695923e-02 5.165811744518578053e-04
9.602207969389575659e-02 5.888810753822326660e-02 5.261324113234877586e-04
9.613445192900547942e-02 5.893914401531219482e-02 5.478420061990618706e-04
9.624682416411520225e-02 5.845219269394874573e-02 5.551317008212208748e-04
9.635919639922491120e-02 5.776755139231681824e-02 5.586490733548998833e-04
9.647156863433462015e-02 5.798162892460823059e-02 5.709652905352413654e-04
9.658394086944434298e-02 5.810717493295669556e-02 5.779234925284981728e-04
9.669631310455405193e-02 5.796172469854354858e-02 5.848942673765122890e-04
9.680868533966377476e-02 5.814006179571151733e-02 5.950347986072301865e-04
9.692105757477348371e-02 5.723470821976661682e-02 5.958752590231597424e-04
9.703342980988319266e-02 5.666965618729591370e-02 6.030119257047772408e-04
9.714580204499291549e-02 5.683633685111999512e-02 6.102065090090036392e-04
9.725817428010262444e-02 5.529507249593734741e-02 6.094957352615892887e-04
9.737054651521234727e-02 5.682004615664482117e-02 6.226643454283475876e-04
9.748291875032205622e-02 5.554148182272911072e-02 6.243119714781641960e-04
9.759529098543176517e-02 5.577580630779266357e-02 6.318050436675548553e-04
9.770766322054148800e-02 5.571451410651206970e-02 6.373627693392336369e-04
9.782003545565119695e-02 5.599616467952728271e-02 6.455435650423169136e-04
9.793240769076091978e-02 5.490438267588615417e-02 6.504759076051414013e-04
9.804477992587062873e-02 5.438719689846038818e-02 6.496768910437822342e-04
9.815715216098033769e-02 5.429551005363464355e-02 6.513152620755136013e-04
9.826952439609006051e-02 5.435058847069740295e-02 6.530606187880039215e-04
9.838189663119978334e-02 5.429061502218246460e-02 6.619235500693321228e-04
9.849426886630949229e-02 5.508692562580108643e-02 6.710661691613495350e-04
9.860664110141920125e-02 5.358431860804557800e-02 6.689399015158414841e-04
9.871901333652891020e-02 5.414750427007675171e-02 6.765465950593352318e-04
9.883138557163863303e-02 5.537686496973037720e-02 6.905353511683642864e-04
9.894375780674835585e-02 5.445266887545585632e-02 6.924503250047564507e-04
9.905613004185806481e-02 5.476271361112594604e-02 6.999971228651702404e-04
9.916850227696777376e-02 5.369286611676216125e-02 7.023069192655384541e-04
9.928087451207748271e-02 5.286987125873565674e-02 7.054270245134830475e-04
9.939324674718720554e-02 5.167183279991149902e-02 7.045849342830479145e-04
9.950561898229692837e-02 5.290654301643371582e-02 7.207456510514020920e-04
9.961799121740663732e-02 5.319657921791076660e-02 7.287249900400638580e-04
9.973036345251634627e-02 5.095728859305381775e-02 7.201744592748582363e-04
9.984273568762606910e-02 5.173624306917190552e-02 7.392383413389325142e-04
9.995510792273577805e-02 5.150509625673294067e-02 7.383202319033443928e-04
1.000674801578455009e-01 5.166882276535034180e-02 7.487512775696814060e-04
1.001798523929552098e-01 5.062928050756454468e-02 7.488431292586028576e-04
1.002922246280649188e-01 5.151316151022911072e-02 7.650937768630683422e-04
1.004045968631746416e-01 5.249765515327453613e-02 7.797775324434041977e-04
1.005169690982843506e-01 5.269543826580047607e-02 7.871390553191304207e-04
1.006293413333940734e-01 5.086023360490798950e-02 7.867090171203017235e-04
1.007417135685037823e-01 5.226057022809982300e-02 8.037220104597508907e-04
1.008540858036134913e-01 5.228485167026519775e-02 8.112692739814519882e-04
1.009664580387232141e-01 4.961104318499565125e-02 8.027635631151497364e-04
1.010788302738329369e-01 5.151882395148277283e-02 8.257888839580118656e-04
1.011912025089426459e-01 5.063831806182861328e-02 8.279501926153898239e-04
1.013035747440523549e-01 5.097137391567230225e-02 8.360958308912813663e-04
1.014159469791620638e-01 4.885635524988174438e-02 8.276309235952794552e-04
1.015283192142717866e-01 4.980490356683731079e-02 8.368557319045066833e-04
1.016406914493815095e-01 5.022449046373367310e-02 8.464031852781772614e-04
1.017530636844912184e-01 5.096472427248954773e-02 8.552264771424233913e-04
1.018654359196009274e-01 4.867712408304214478e-02 8.490209584124386311e-04
1.019778081547106363e-01 4.897307604551315308e-02 8.641941822133958340e-04
1.020901803898203591e-01 4.861752688884735107e-02 8.713892311789095402e-04
1.022025526249300820e-01 4.824530333280563354e-02 8.787242695689201355e-04
1.023149248600397909e-01 4.793919622898101807e-02 8.882027468644082546e-04
1.024272970951494999e-01 4.949448630213737488e-02 9.079188457690179348e-04
1.025396693302592227e-01 4.665075242519378662e-02 9.035169496200978756e-04
1.026520415653689317e-01 4.523125290870666504e-02 9.019274730235338211e-04
1.027644138004786545e-01 4.841062799096107483e-02 9.359641699120402336e-04
1.028767860355883634e-01 4.798434674739837646e-02 9.403480216860771179e-04
1.029891582706980724e-01 4.693626984953880310e-02 9.418110130354762077e-04
1.031015305058077952e-01 4.678251594305038452e-02 9.411071659997105598e-04
1.032139027409175042e-01 4.625994712114334106e-02 9.435947868041694164e-04
1.033262749760272270e-01 4.542014002799987793e-02 9.530661627650260925e-04
1.034386472111369359e-01 4.605468362569808960e-02 9.528009104542434216e-04
1.035510194462466449e-01 4.634476825594902039e-02 9.598613833077251911e-04
1.036633916813563677e-01 4.650390893220901489e-02 9.779133833944797516e-04
1.037757639164660767e-01 4.617214202880859375e-02 9.783064015209674835e-04
1.038881361515757995e-01 4.337204620242118835e-02 9.635909809730947018e-04
1.040005083866855085e-01 4.553681984543800354e-02 9.892784291878342628e-04
1.041128806217952174e-01 4.464554786682128906e-02 9.807544993236660957e-04
1.042252528569049402e-01 4.674780741333961487e-02 1.012917608022689819e-03
1.043376250920146631e-01 4.538956657052040100e-02 1.007945160381495953e-03
1.044499973271243720e-01 4.491279274225234985e-02 1.015941496007144451e-03
1.045623695622340810e-01 4.500022530555725098e-02 1.021830481477081776e-03
1.046747417973437899e-01 4.553683847188949585e-02 1.036737347021698952e-03
1.047871140324535127e-01 4.465048760175704956e-02 1.031209831126034260e-03
1.048994862675632356e-01 4.295738041400909424e-02 1.025445293635129929e-03
1.050118585026729445e-01 4.325376823544502258e-02 1.045263372361660004e-03
1.051242307377826535e-01 4.252724349498748779e-02 1.046398654580116272e-03
1.052366029728923624e-01 4.665255174040794373e-02 1.091673388145864010e-03
1.053489752080020853e-01 4.420774430036544800e-02 1.072544371709227562e-03
1.054613474431118081e-01 4.293552041053771973e-02 1.071066828444600105e-03
1.055737196782215170e-01 4.365156590938568115e-02 1.088532502762973309e-03
1.056860919133312260e-01 4.530038684606552124e-02 1.116684521548449993e-03
1.057984641484409488e-01 4.385595023632049561e-02 1.106757554225623608e-03
1.059108363835506578e-01 4.376479983329772949e-02 1.118654967285692692e-03
1.060232086186603806e-01 4.348184540867805481e-02 1.131304423324763775e-03
1.061355808537700895e-01 4.200348258018493652e-02 1.132312812842428684e-03
1.062479530888797985e-01 4.368046298623085022e-02 1.145972753874957561e-03
1.063603253239895213e-01 4.149730503559112549e-02 1.146321999840438366e-03
1.064726975590992303e-01 4.441537335515022278e-02 1.180685590952634811e-03
1.065850697942089531e-01 4.372401535511016846e-02 1.196856959722936153e-03
1.066974420293186621e-01 4.329372569918632507e-02 1.214765012264251709e-03
1.068098142644283710e-01 4.123649373650550842e-02 1.186313340440392494e-03
1.069221864995380938e-01 4.268079251050949097e-02 1.220789505168795586e-03
1.070345587346478167e-01 4.211941361427307129e-02 1.223837956786155701e-03
1.071469309697575256e-01 4.267843067646026611e-02 1.248947693966329098e-03
1.072593032048672346e-01 4.133320227265357971e-02 1.250569592230021954e-03
1.073716754399769435e-01 4.008597508072853088e-02 1.233103103004395962e-03
1.074840476750866664e-01 3.989495337009429932e-02 1.254022819921374321e-03
1.075964199101963892e-01 4.208819940686225891e-02 1.293395529501140118e-03
1.077087921453060981e-01 4.085032641887664795e-02 1.303814817219972610e-03
1.078211643804158071e-01 4.218580946326255798e-02 1.332509331405162811e-03
1.079335366155255160e-01 4.217946156859397888e-02 1.342618954367935658e-03
1.080459088506352389e-01 4.007068648934364319e-02 1.336943241767585278e-03
1.081582810857449617e-01 4.065360501408576965e-02 1.370094250887632370e-03
1.082706533208546706e-01 4.077208787202835083e-02 1.386203803122043610e-03
1.083830255559643796e-01 3.924924880266189575e-02 1.398099237121641636e-03
1.084953977910741024e-01 4.118296504020690918e-02 1.426627393811941147e-03
1.086077700261838114e-01 3.874732926487922668e-02 1.426328090019524097e-03
1.087201422612935342e-01 3.986355662345886230e-02 1.452712807804346085e-03
1.088325144964032432e-01 3.817855194211006165e-02 1.468031550757586956e-03
1.089448867315129521e-01 3.980357199907302856e-02 1.493944087997078896e-03
1.090572589666226749e-01 3.923103213310241699e-02 1.535263960249722004e-03
1.091696312017323839e-01 3.989675641059875488e-02 1.572131994180381298e-03
1.092820034368421067e-01 4.021461308002471924e-02 1.614841050468385220e-03
1.093943756719518157e-01 3.960354626178741455e-02 1.612112508155405521e-03
1.095067479070615246e-01 4.032853245735168457e-02 1.671031350269913673e-03
1.096191201421712474e-01 3.993514180183410645e-02 1.682836213149130344e-03
1.097314923772809564e-01 3.994117304682731628e-02 1.739611965604126453e-03
1.098438646123906792e-01 3.816158324480056763e-02 1.747148111462593079e-03
1.099562368475003882e-01 3.874292969703674316e-02 1.799444784410297871e-03
1.100686090826100971e-01 3.549661114811897278e-02 1.759590348228812218e-03
1.101809813177198200e-01 3.737771138548851013e-02 1.885098754428327084e-03
1.102933535528295428e-01 3.417022153735160828e-02 1.829640823416411877e-03
1.104057257879392517e-01 3.959454223513603210e-02 1.995075726881623268e-03
1.105180980230489607e-01 3.878763690590858459e-02 2.027943730354309082e-03
1.106304702581586696e-01 4.262879490852355957e-02 2.155832713469862938e-03
1.107428424932683925e-01 3.829823806881904602e-02 2.138687763363122940e-03
1.108552147283781153e-01 4.111419245600700378e-02 2.312634838744997978e-03
1.109675869634878242e-01 3.648040443658828735e-02 2.296496648341417313e-03
1.110799591985975332e-01 4.165038093924522400e-02 2.479542046785354614e-03
1.111923314337072421e-01 4.092616587877273560e-02 2.600724343210458755e-03
1.113047036688169650e-01 4.122142121195793152e-02 2.819382119923830032e-03
1.114170759039266878e-01 3.381030261516571045e-02 2.665456850081682205e-03
1.115294481390363968e-01 3.544485941529273987e-02 2.912496449425816536e-03
1.116418203741461057e-01 3.767849132418632507e-02 3.179966472089290619e-03
1.117541926092558285e-01 4.240354523062705994e-02 3.596846479922533035e-03
1.118665648443655375e-01 3.704526647925376892e-02 3.929500002413988113e-03
1.119789370794752603e-01 3.345952183008193970e-02 4.347023554146289825e-03
1.120913093145849693e-01 4.047425836324691772e-02 5.016971845179796219e-03
1.122036815496946782e-01 4.256507009267807007e-02 6.793757900595664978e-03
1.123160537848044011e-01 4.147121682763099670e-02 1.031600404530763626e-02
